seed,culture,rep,cycle,phase_end,species,genotype,nlag,ngrow,ntot,lag,Ta,M,L,A
948,co,0,0,0,Escherichia coli,E0c0,5.0,0.0,5.0,1.0,5,1.0,2780.0,0.0
948,co,0,0,0,Salmonella enterica,S0c0,5.0,0.0,5.0,1.0,5,1.0,2780.0,0.0
948,co,0,0,1,Escherichia coli,E0c0,0.03368961329846606,0.07401308530230857,0.10770269860077464,1.0,5,2.6533132765585528,2777.5537822868937,0.03736851207566645
948,co,0,0,1,Salmonella enterica,S0c0,0.03368961329846606,2.5330683283576207,2.566757941656087,1.0,5,2.6533132765585528,2777.5537822868937,0.03736851207566645
948,co,0,0,2,Escherichia coli,E0c0,4.949679398073814e-06,2780.1072781445205,2780.1072830942,1.0,5,956.5417991262791,3.237488448793181e-36,-4.424122745519192e-27
948,co,0,0,2,Salmonella enterica,S0c0,4.949679398073814e-06,1406.466621852172,1406.4666268018514,1.0,5,956.5417991262791,3.237488448793181e-36,-4.424122745519192e-27
948,co,0,1,1,Escherichia coli,E0c0,9.36610774982122,9.324562692377272,18.690670442198492,1.0,5,1414.2452086380754,2094.318460683626,19.113181396618725
948,co,0,1,1,Salmonella enterica,S0c0,4.738349772698274,25.069847512682305,29.80819728538058,1.0,5,1414.2452086380754,2094.318460683626,19.113181396618725
948,co,0,1,2,Escherichia coli,E0c0,4.992571547246143e-06,2798.6902150150268,2798.6902200075983,1.0,5,956.5417991262128,0.0,0.0
948,co,0,1,2,Salmonella enterica,S0c0,4.997238131785494e-06,1399.0833260788918,1399.08333107613,1.0,5,956.5417991262128,0.0,0.0
948,co,0,1,2,Salmonella enterica,S1c1,8.069482342402346e-06,34.62481291430802,34.624820983790364,1.6139921412306788,5,956.5417991262128,0.0,0.0
948,co,0,2,1,Escherichia coli,E0c0,9.42871241991668,9.386836188715108,18.815548608631786,1.0,5,1422.7782098177395,2089.7351642446747,12.214963590183388
948,co,0,2,1,Salmonella enterica,S0c0,4.713474191850309,25.261589053400286,29.975063245250595,1.0,5,1422.7782098177395,2089.7351642446747,12.214963590183388
948,co,0,2,1,Salmonella enterica,S1c1,0.7815428772493879,1.1450059576096565,1.9265488348590445,1.6139921412306788,5,1422.7782098177395,2089.7351642446747,12.214963590183388
948,co,0,2,2,Escherichia coli,E0c0,4.999330378689479e-06,2798.8150927499546,2798.815097749285,1.0,5,956.5417991262285,0.0,0.0
948,co,0,2,2,Salmonella enterica,S0c0,4.99784919268873e-06,1357.0173285076912,1357.0173335055404,1.0,5,956.5417991262285,0.0,0.0
948,co,0,2,2,Salmonella enterica,S1c1,8.069001789776264e-06,78.78422869265907,78.78423676166086,1.6139921412306788,5,956.5417991262285,0.0,0.0
948,co,0,3,1,Escherichia coli,E0c0,9.429132415557703,9.387263234371845,18.816395649929547,1.0,5,1422.4252620374066,2089.704368495927,12.694616277792816
948,co,0,3,1,Salmonella enterica,S0c0,4.571755238851245,24.446441038563854,29.0181962774151,1.0,5,1422.4252620374066,2089.704368495927,12.694616277792816
948,co,0,3,1,Salmonella enterica,S1c1,1.7782988229059375,2.600375978433237,4.378674801339175,1.6139921412306788,5,1422.4252620374066,2089.704368495927,12.694616277792816
948,co,0,3,2,Escherichia coli,E0c0,4.99385180229779e-06,2798.8159407814596,2798.8159457753113,1.0,5,956.5417991261993,0.0,0.0
948,co,0,3,2,Salmonella enterica,S0c0,4.998010300777076e-06,1264.7939002458538,1264.7939052438642,1.0,5,956.5417991261993,0.0,0.0
948,co,0,3,2,Salmonella enterica,S1c1,8.067208988067172e-06,172.50290672621827,172.50291479342727,1.6139921412306788,5,956.5417991261993,0.0,0.0
948,co,0,4,1,Escherichia coli,E0c0,9.429137503324306,9.387294491399686,18.81643199472399,1.0,5,1420.632788291275,2089.704174137742,14.99283092607716
948,co,0,4,1,Salmonella enterica,S0c0,4.261056956674499,22.627680254433294,26.88873721110779,1.0,5,1420.632788291275,2089.704174137742,14.99283092607716
948,co,0,4,1,Salmonella enterica,S1c1,3.8936936270247573,5.660079409445631,9.553773036470389,1.6139921412306788,5,1420.632788291275,2089.704174137742,14.99283092607716
948,co,0,4,2,Escherichia coli,E0c0,4.981046661546347e-06,2798.815977282264,2798.8159822633106,1.0,5,956.5417991261804,0.0,0.0
948,co,0,4,2,Salmonella enterica,S0c0,4.997060552635172e-06,1102.4836621579293,1102.48366715499,1.0,5,956.5417991261804,0.0,0.0
948,co,0,4,2,Salmonella enterica,S1c1,8.06778385690807e-06,312.01402482550395,312.01403289328783,1.6139921412306788,5,956.5417991261804,0.0,0.0
948,co,0,4,2,Salmonella enterica,S2c4,1.1081372936556505e-05,25.844823203155727,25.844834284528662,2.2163504078606175,5,956.5417991261804,0.0,0.0
948,co,0,5,1,Escherichia coli,E0c0,9.429137340483175,9.387350077585602,18.816487418068775,1.0,5,1416.8150775226404,2089.7041924533014,19.887315760918998
948,co,0,5,1,Salmonella enterica,S0c0,3.7142376429442976,19.521658185124956,23.235895828069253,1.0,5,1416.8150775226404,2089.7041924533014,19.887315760918998
948,co,0,5,1,Salmonella enterica,S1c1,7.042705885571437,10.148668735118529,17.191374620689967,1.6139921412306788,5,1416.8150775226404,2089.7041924533014,19.887315760918998
948,co,0,5,1,Salmonella enterica,S2c4,1.3539173920983327,1.0786835578171792,2.432600949915512,2.2163504078606175,5,1416.8150775226404,2089.7041924533014,19.887315760918998
948,co,0,5,2,Escherichia coli,E0c0,4.994102504779937e-06,1112.559196065858,1112.5592010599605,1.0,5,956.5417991262052,0.0,0.0
948,co,0,5,2,Escherichia coli,E1c5,7.254482973742226e-06,1708.4928361117832,1708.4928433662662,1.450919040963826,5,956.5417991262052,0.0,0.0
948,co,0,5,2,Salmonella enterica,S0c0,4.99839959570291e-06,1177.0607909679745,1177.0607959663741,1.0,5,956.5417991262052,0.0,0.0
948,co,0,5,2,Salmonella enterica,S1c1,8.060698803647949e-06,156.68741844090508,156.68742650160388,1.6139921412306788,5,956.5417991262052,0.0,0.0
948,co,0,5,2,Salmonella enterica,S2c4,1.1078275430120785e-05,42.74610847172856,42.74611955000399,2.2163504078606175,5,956.5417991262052,0.0,0.0
948,co,0,5,2,Salmonella enterica,S3c5,8.709825851586721e-06,48.02977065042653,48.02977936025238,1.7422045299692555,5,956.5417991262052,0.0,0.0
948,co,0,6,1,Escherichia coli,E0c0,3.748182811058791,3.7315464583199365,7.479729269378728,1.0,5,1412.9715373174101,2099.2493915846294,16.39802376441189
948,co,0,6,1,Escherichia coli,E1c5,27.224792379212072,14.32039623808419,41.54518861729626,1.450919040963826,5,1412.9715373174101,2099.2493915846294,16.39802376441189
948,co,0,6,1,Salmonella enterica,S0c0,3.965485968417464,21.302392722231307,25.26787869064877,1.0,5,1412.9715373174101,2099.2493915846294,16.39802376441189
948,co,0,6,1,Salmonella enterica,S1c1,3.536710902754059,5.180610742077226,8.717321644831285,1.6139921412306788,5,1412.9715373174101,2099.2493915846294,16.39802376441189
948,co,0,6,1,Salmonella enterica,S2c4,2.2393152770753564,1.8097127466306617,4.049028023706018,2.2163504078606175,5,1412.9715373174101,2099.2493915846294,16.39802376441189
948,co,0,6,1,Salmonella enterica,S3c5,1.36171747482507,1.7060770897774533,3.067794564602523,1.7422045299692555,5,1412.9715373174101,2099.2493915846294,16.39802376441189
948,co,0,6,2,Escherichia coli,E0c0,4.998007415885929e-06,503.90713841354255,503.90714341154995,1.0,5,956.5417991262048,0.0,0.0
948,co,0,6,2,Escherichia coli,E1c5,7.251440990931715e-06,2325.117416806161,2325.117424057602,1.450919040963826,5,956.5417991262048,0.0,0.0
948,co,0,6,2,Salmonella enterica,S0c0,4.996586875599032e-06,940.9613948777709,940.9613998743578,1.0,5,956.5417991262048,0.0,0.0
948,co,0,6,2,Salmonella enterica,S1c1,8.067826229086703e-06,287.75399090667514,287.75399897450137,1.6139921412306788,5,956.5417991262048,0.0,0.0
948,co,0,6,2,Salmonella enterica,S2c4,1.1077597063897815e-05,117.75362711498855,117.75363819258561,2.2163504078606175,5,956.5417991262048,0.0,0.0
948,co,0,6,2,Salmonella enterica,S3c5,8.708057564230968e-06,98.5331039958779,98.53311270393546,1.7422045299692555,5,956.5417991262048,0.0,0.0
948,co,0,7,1,Escherichia coli,E0c0,1.6976499237358686,1.6901181575097588,3.3877680812456274,1.0,5,1411.4744609434008,2102.707482122757,15.268025946316271
948,co,0,7,1,Escherichia coli,E1c5,37.050692404905924,19.488898711547666,56.53959111645359,1.450919040963826,5,1411.4744609434008,2102.707482122757,15.268025946316271
948,co,0,7,1,Salmonella enterica,S0c0,3.1700741619954713,17.055577394491316,20.22565155648679,1.0,5,1411.4744609434008,2102.707482122757,15.268025946316271
948,co,0,7,1,Salmonella enterica,S1c1,6.4951150164658795,9.525683494328804,16.020798510794684,1.6139921412306788,5,1411.4744609434008,2102.707482122757,15.268025946316271
948,co,0,7,1,Salmonella enterica,S2c4,6.168689207246635,4.990833344597414,11.159522551844049,2.2163504078606175,5,1411.4744609434008,2102.707482122757,15.268025946316271
948,co,0,7,1,Salmonella enterica,S3c5,2.7935648075606614,3.504175137544744,6.2977399451054055,1.7422045299692555,5,1411.4744609434008,2102.707482122757,15.268025946316271
948,co,0,7,2,Escherichia coli,E0c0,4.998022850524973e-06,191.32734139791313,191.327346395936,1.0,5,956.5417991261478,0.0,0.0
948,co,0,7,2,Escherichia coli,E1c5,7.2540210533884675e-06,2648.5996557784574,2648.5996630324785,1.450919040963826,5,956.5417991261478,0.0,0.0
948,co,0,7,2,Salmonella enterica,S0c0,4.983428351106271e-06,607.550276885547,607.5502818689753,1.0,5,956.5417991261478,0.0,0.0
948,co,0,7,2,Salmonella enterica,S1c1,8.06612590854605e-06,425.97450191626075,425.9745099823867,1.6139921412306788,5,956.5417991261478,0.0,0.0
948,co,0,7,2,Salmonella enterica,S2c4,1.107524651297145e-05,261.1865363733801,261.1865474486266,2.2163504078606175,5,956.5417991261478,0.0,0.0
948,co,0,7,2,Salmonella enterica,S3c5,8.703448598016823e-06,162.89246669777134,162.89247540121994,1.7422045299692555,5,956.5417991261478,0.0,0.0
948,co,0,8,1,Escherichia coli,E0c0,0.64457658347807,0.6417252689730691,1.2863018524511391,1.0,5,1402.8219816712572,2102.8642831662296,26.222681733992548
948,co,0,8,1,Escherichia coli,E1c5,42.20537514906913,22.20050438722765,64.40587953629678,1.450919040963826,5,1402.8219816712572,2102.8642831662296,26.222681733992548
948,co,0,8,1,Salmonella enterica,S0c0,2.046821356921033,10.758118499993678,12.80493985691471,1.0,5,1402.8219816712572,2102.8642831662296,26.222681733992548
948,co,0,8,1,Salmonella enterica,S1c1,9.614994693903105,13.832831770038153,23.447826463941258,1.6139921412306788,5,1402.8219816712572,2102.8642831662296,26.222681733992548
948,co,0,8,1,Salmonella enterica,S2c4,13.682624968883468,10.878419559887812,24.56104452877128,2.2163504078606175,5,1402.8219816712572,2102.8642831662296,26.222681733992548
948,co,0,8,1,Salmonella enterica,S3c5,4.618251156546231,5.685510033034728,10.303761189580959,1.7422045299692555,5,1402.8219816712572,2102.8642831662296,26.222681733992548
948,co,0,8,2,Escherichia coli,E0c0,4.998367575983774e-06,54.98965496034726,54.98965995871484,1.0,5,956.5417991261876,0.0,0.0
948,co,0,8,2,Escherichia coli,E1c5,7.246104714381532e-06,2226.3737908622147,2226.3737981083195,1.450919040963826,5,956.5417991261876,0.0,0.0
948,co,0,8,2,Escherichia coli,E2c8,1.1791052548699566e-05,575.1333678796302,575.1333796706828,2.3589395509357987,5,956.5417991261876,0.0,0.0
948,co,0,8,2,Salmonella enterica,S0c0,4.9986127404378296e-06,616.7666240057785,616.7666290043912,1.0,5,956.5417991261876,0.0,0.0
948,co,0,8,2,Salmonella enterica,S1c1,8.067838354916268e-06,568.5508635634145,568.5508716312529,1.6139921412306788,5,956.5417991261876,0.0,0.0
948,co,0,8,2,Salmonella enterica,S2c4,1.1081727047010118e-05,240.1300791709276,240.13009025265464,2.2163504078606175,5,956.5417991261876,0.0,0.0
948,co,0,8,2,Salmonella enterica,S3c5,8.709755941941404e-06,17.377972468181195,17.377981177937137,1.7422045299692555,5,956.5417991261876,0.0,0.0
948,co,0,8,2,Salmonella enterica,S4c8,5.064313359294145e-06,21.387303518329695,21.387308582643055,1.013466037897365,5,956.5417991261876,0.0,0.0
948,co,0,9,1,Escherichia coli,E0c0,0.18525890606045697,0.18443689615251388,0.3696958022129708,1.0,5,1407.3758825256843,2115.044478992618,9.643913088121119
948,co,0,9,1,Escherichia coli,E1c5,35.477214180751005,18.66123381403763,54.138447994788635,1.450919040963826,5,1407.3758825256843,2115.044478992618,9.643913088121119
948,co,0,9,1,Escherichia coli,E2c8,34.5310290440097,9.298319535740529,43.82934857975023,2.3589395509357987,5,1407.3758825256843,2115.044478992618,9.643913088121119
948,co,0,9,1,Salmonella enterica,S0c0,2.0778707250052855,11.461459110129876,13.539329835135161,1.0,5,1407.3758825256843,2115.044478992618,9.643913088121119
948,co,0,9,1,Salmonella enterica,S1c1,12.83319460301846,19.215227446844448,32.04842204986291,1.6139921412306788,5,1407.3758825256843,2115.044478992618,9.643913088121119
948,co,0,9,1,Salmonella enterica,S2c4,12.579551903520017,10.372495125382287,22.952047028902303,2.2163504078606175,5,1407.3758825256843,2115.044478992618,9.643913088121119
948,co,0,9,1,Salmonella enterica,S3c5,0.49269254149894853,0.6306550348247748,1.1233475763237233,1.7422045299692555,5,1407.3758825256843,2115.044478992618,9.643913088121119
948,co,0,9,1,Salmonella enterica,S4c8,0.07700299329416875,0.4051852264695988,0.4821882197637676,1.013466037897365,5,1407.3758825256843,2115.044478992618,9.643913088121119
948,co,0,9,2,Escherichia coli,E0c0,4.997189721576148e-06,14.758947571751854,14.758952568941575,1.0,5,956.5417991262335,0.0,0.0
948,co,0,9,2,Escherichia coli,E1c5,7.25206178079315e-06,1789.3339277349626,1789.3339349870243,1.450919040963826,5,956.5417991262335,0.0,0.0
948,co,0,9,2,Escherichia coli,E2c8,1.1786415406430834e-05,1074.2442775063669,1074.2442892927822,2.3589395509357987,5,956.5417991262335,0.0,0.0
948,co,0,9,2,Salmonella enterica,S0c0,4.9999262775747115e-06,326.84019566167444,326.8402006616007,1.0,5,956.5417991262335,0.0,0.0
948,co,0,9,2,Salmonella enterica,S1c1,8.064187603453628e-06,682.7821269941102,682.7821350582977,1.6139921412306788,5,956.5417991262335,0.0,0.0
948,co,0,9,2,Salmonella enterica,S2c4,1.107752030419998e-05,429.5397401248764,429.5397512023967,2.2163504078606175,5,956.5417991262335,0.0,0.0
948,co,0,9,2,Salmonella enterica,S3c5,8.6858457133462e-06,23.269140704360833,23.269149390206547,1.7422045299692555,5,956.5417991262335,0.0,0.0
948,co,0,9,2,Salmonella enterica,S4c8,5.059048744536423e-06,11.614356457376676,11.61436151642542,1.013466037897365,5,956.5417991262335,0.0,0.0
948,co,1,0,0,Escherichia coli,E0c0,5.0,0.0,5.0,1.0,5,1.0,2780.0,0.0
948,co,1,0,0,Salmonella enterica,S0c0,5.0,0.0,5.0,1.0,5,1.0,2780.0,0.0
948,co,1,0,1,Escherichia coli,E0c0,0.03368961329846606,0.07401308530230857,0.10770269860077464,1.0,5,2.6533132765585528,2777.5537822868937,0.03736851207566645
948,co,1,0,1,Salmonella enterica,S0c0,0.03368961329846606,2.5330683283576207,2.566757941656087,1.0,5,2.6533132765585528,2777.5537822868937,0.03736851207566645
948,co,1,0,2,Escherichia coli,E0c0,4.949679398073814e-06,2780.1072781445205,2780.1072830942,1.0,5,956.5417991262791,3.237488448793181e-36,-4.424122745519192e-27
948,co,1,0,2,Salmonella enterica,S0c0,4.949679398073814e-06,1406.466621852172,1406.4666268018514,1.0,5,956.5417991262791,3.237488448793181e-36,-4.424122745519192e-27
948,co,1,1,1,Escherichia coli,E0c0,9.36610774982122,9.324562692377272,18.690670442198492,1.0,5,1414.2452086380754,2094.318460683626,19.113181396618725
948,co,1,1,1,Salmonella enterica,S0c0,4.738349772698274,25.069847512682305,29.80819728538058,1.0,5,1414.2452086380754,2094.318460683626,19.113181396618725
948,co,1,1,2,Escherichia coli,E0c0,4.99785004021791e-06,2798.690215833405,2798.690220831255,1.0,5,956.541799126176,0.0,0.0
948,co,1,1,2,Salmonella enterica,S0c0,4.995100514032166e-06,1433.7080330249662,1433.7080380200666,1.0,5,956.541799126176,0.0,0.0
948,co,1,2,1,Escherichia coli,E0c0,9.428713321019451,9.38682546895344,18.81553878997289,1.0,5,1423.6219103874805,2089.735157546533,11.133302099415985
948,co,1,2,1,Salmonella enterica,S0c0,4.830124698432616,25.989758750333184,30.8198834487658,1.0,5,1423.6219103874805,2089.735157546533,11.133302099415985
948,co,1,2,2,Escherichia coli,E0c0,4.996698311118142e-06,2798.815082527359,2798.8150875240576,1.0,5,956.5417991261999,0.0,0.0
948,co,1,2,2,Salmonella enterica,S0c0,4.995142300636951e-06,1434.7197176091129,1434.7197226042551,1.0,5,956.5417991261999,0.0,0.0
948,co,1,3,1,Escherichia coli,E0c0,9.429133937053818,9.387240803446295,18.816374740500112,1.0,5,1423.9698053929635,2089.7043622527985,10.714437993736048
948,co,1,3,1,Salmonella enterica,S0c0,4.833532086643156,26.042226976055133,30.87575906269829,1.0,5,1423.9698053929635,2089.7043622527985,10.714437993736048
948,co,1,3,2,Escherichia coli,E0c0,4.999805275203119e-06,2798.8159191703135,2798.8159241701187,1.0,5,956.5417991261578,0.0,0.0
948,co,1,3,2,Salmonella enterica,S0c0,4.998379141331619e-06,1434.775592878176,1434.7755978765551,1.0,5,956.5417991261578,0.0,0.0
948,co,1,4,1,Escherichia coli,E0c0,9.429137007664194,9.38724392707949,18.816380934743684,1.0,5,1423.9890377987033,2089.7041539273246,10.689964763585646
948,co,1,4,1,Salmonella enterica,S0c0,4.833720877093687,26.04529168113566,30.879012558229345,1.0,5,1423.9890377987033,2089.7041539273246,10.689964763585646
948,co,1,4,2,Escherichia coli,E0c0,4.9948563416736065e-06,2798.8159244916105,2798.8159294864668,1.0,5,956.5417991262333,0.0,0.0
948,co,1,4,2,Salmonella enterica,S0c0,4.9999251261659635e-06,1434.778846878638,1434.778851878563,1.0,5,956.5417991262333,0.0,0.0
948,co,1,5,1,Escherichia coli,E0c0,9.4291364323989,9.38724351379615,18.81637994619505,1.0,5,1423.990159235726,2089.704151868625,10.688528839256916
948,co,1,5,1,Salmonella enterica,S0c0,4.833732665896118,26.045471751264667,30.879204417160786,1.0,5,1423.990159235726,2089.704151868625,10.688528839256916
948,co,1,5,2,Escherichia coli,E0c0,4.998719664966356e-06,2798.8159246052005,2798.8159296039203,1.0,5,956.5417991261961,0.0,0.0
948,co,1,5,2,Salmonella enterica,S0c0,4.999921938749323e-06,1396.8441761391614,1396.8441811390833,1.0,5,956.5417991261961,0.0,0.0
948,co,1,5,2,Salmonella enterica,S1c5,5.521106583166216e-06,37.93500185825439,37.93500737936097,1.1045583779253536,5,956.5417991261961,0.0,0.0
948,co,1,6,1,Escherichia coli,E0c0,9.429138878174447,9.387247881982926,18.81638676015737,1.0,5,1423.8622582181636,2089.704155658677,10.852501160701388
948,co,1,6,1,Salmonella enterica,S0c0,4.705931965677229,25.33838523985881,30.04431720553604,1.0,5,1423.8622582181636,2089.704155658677,10.852501160701388
948,co,1,6,1,Salmonella enterica,S1c5,0.20515928839760345,0.7938729597499329,0.9990322481475363,1.1045583779253536,5,1423.8622582181636,2089.704155658677,10.852501160701388
948,co,1,6,2,Escherichia coli,E0c0,4.99843761134401e-06,2798.815931741613,2798.815936740051,1.0,5,956.5417991262034,0.0,0.0
948,co,1,6,2,Salmonella enterica,S0c0,4.9735751444301536e-06,1389.3959829758596,1389.3959879494348,1.0,5,956.5417991262034,0.0,0.0
948,co,1,6,2,Salmonella enterica,S1c5,5.501369606292236e-06,45.547347283117716,45.54735278448732,1.1045583779253536,5,956.5417991262034,0.0,0.0
948,co,1,7,1,Escherichia coli,E0c0,9.429137509720025,9.387246394277186,18.816383903997213,1.0,5,1423.8931546761753,2089.7041527804777,10.812892855089736
948,co,1,7,1,Salmonella enterica,S0c0,4.680838162263235,25.20539014880161,29.886228311064844,1.0,5,1423.8931546761753,2089.7041527804777,10.812892855089736
948,co,1,7,1,Salmonella enterica,S1c5,0.24632781063325684,0.953256653807091,1.199584464440348,1.1045583779253536,5,1423.8931546761753,2089.7041527804777,10.812892855089736
948,co,1,7,2,Escherichia coli,E0c0,4.999162655987396e-06,2798.8159289926666,2798.8159339918293,1.0,5,956.5417991261744,0.0,0.0
948,co,1,7,2,Salmonella enterica,S0c0,4.9992175279061695e-06,1348.9183900122841,1348.9183950115016,1.0,5,956.5417991261744,0.0,0.0
948,co,1,7,2,Salmonella enterica,S1c5,5.52009855674777e-06,55.280230244142054,55.28023576424061,1.1045583779253536,5,956.5417991261744,0.0,0.0
948,co,1,7,2,Salmonella enterica,S2c7,9.80414148641029e-06,30.787258542404835,30.787268346546323,1.961289129239589,5,956.5417991261744,0.0,0.0
948,co,1,8,1,Escherichia coli,E0c0,9.429138317619252,9.387263859436258,18.816402177055508,1.0,5,1422.6264557654147,2089.7041616015235,12.436858039213645
948,co,1,8,1,Salmonella enterica,S0c0,4.5444709537651,24.330843279832656,28.875314233597756,1.0,5,1422.6264557654147,2089.7041616015235,12.436858039213645
948,co,1,8,1,Salmonella enterica,S1c5,0.2989652672841402,1.1505253071524437,1.449490574436584,1.1045583779253536,5,1422.6264557654147,2089.7041616015235,12.436858039213645
948,co,1,8,1,Salmonella enterica,S2c7,1.2027492461970464,1.2035102261750377,2.406259472372084,1.961289129239589,5,1422.6264557654147,2089.7041616015235,12.436858039213645
948,co,1,8,2,Escherichia coli,E0c0,4.979061836749173e-06,2798.815946495951,2798.8159514750128,1.0,5,956.5417991262028,0.0,0.0
948,co,1,8,2,Salmonella enterica,S0c0,4.995756832526006e-06,1282.6651814734314,1282.6651864691883,1.0,5,956.5417991262028,0.0,0.0
948,co,1,8,2,Salmonella enterica,S1c5,5.521947260507948e-06,63.48191483169398,63.481920353641236,1.1045583779253536,5,956.5417991262028,0.0,0.0
948,co,1,8,2,Salmonella enterica,S2c7,9.805971550429066e-06,90.4840299308003,90.48403973677185,1.961289129239589,5,956.5417991262028,0.0,0.0
948,co,1,9,1,Escherichia coli,E0c0,9.429138179845173,9.387290366556865,18.816428546402037,1.0,5,1420.721497291139,2089.704170652068,14.879104512727366
948,co,1,9,1,Salmonella enterica,S0c0,4.321265656172673,22.96833642710404,27.289602083276716,1.0,5,1420.721497291139,2089.704170652068,14.879104512727366
948,co,1,9,1,Salmonella enterica,S1c5,0.3433216592310334,1.311977195789825,1.6552988550208583,1.1045583779253536,5,1420.721497291139,2089.704170652068,14.879104512727366
948,co,1,9,1,Salmonella enterica,S2c7,3.534891408208405,3.516153912467011,7.051045320675415,1.961289129239589,5,1420.721497291139,2089.704170652068,14.879104512727366
948,co,1,9,2,Escherichia coli,E0c0,4.99824264578883e-06,2798.8159746015926,2798.8159795998354,1.0,5,956.5417991261583,0.0,0.0
948,co,1,9,2,Salmonella enterica,S0c0,4.9965416746718315e-06,1125.9073584915993,1125.907363488141,1.0,5,956.5417991261583,0.0,0.0
948,co,1,9,2,Salmonella enterica,S1c5,5.520042491728423e-06,67.3444181103454,67.3444236303879,1.1045583779253536,5,956.5417991261583,0.0,0.0
948,co,1,9,2,Salmonella enterica,S2c7,9.805169032636453e-06,246.6442186894302,246.64422849459925,1.961289129239589,5,956.5417991261583,0.0,0.0
948,co,2,0,0,Escherichia coli,E0c0,5.0,0.0,5.0,1.0,5,1.0,2780.0,0.0
948,co,2,0,0,Salmonella enterica,S0c0,5.0,0.0,5.0,1.0,5,1.0,2780.0,0.0
948,co,2,0,1,Escherichia coli,E0c0,0.03368961329846606,0.07401308530230857,0.10770269860077464,1.0,5,2.6533132765585528,2777.5537822868937,0.03736851207566645
948,co,2,0,1,Salmonella enterica,S0c0,0.03368961329846606,2.5330683283576207,2.566757941656087,1.0,5,2.6533132765585528,2777.5537822868937,0.03736851207566645
948,co,2,0,2,Escherichia coli,E0c0,4.949679398073814e-06,2780.1072781445205,2780.1072830942,1.0,5,956.5417991262791,3.237488448793181e-36,-4.424122745519192e-27
948,co,2,0,2,Salmonella enterica,S0c0,4.949679398073814e-06,1406.466621852172,1406.4666268018514,1.0,5,956.5417991262791,3.237488448793181e-36,-4.424122745519192e-27
948,co,2,1,1,Escherichia coli,E0c0,9.36610774982122,9.324562692377272,18.690670442198492,1.0,5,1414.2452086380754,2094.318460683626,19.113181396618725
948,co,2,1,1,Salmonella enterica,S0c0,4.738349772698274,25.069847512682305,29.80819728538058,1.0,5,1414.2452086380754,2094.318460683626,19.113181396618725
948,co,2,1,2,Escherichia coli,E0c0,4.99785004021791e-06,2798.690215833405,2798.690220831255,1.0,5,956.541799126176,0.0,0.0
948,co,2,1,2,Salmonella enterica,S0c0,4.995100514032166e-06,1433.7080330249662,1433.7080380200666,1.0,5,956.541799126176,0.0,0.0
948,co,2,2,1,Escherichia coli,E0c0,9.428713321019451,9.38682546895344,18.81553878997289,1.0,5,1423.6219103874805,2089.735157546533,11.133302099415985
948,co,2,2,1,Salmonella enterica,S0c0,4.830124698432616,25.989758750333184,30.8198834487658,1.0,5,1423.6219103874805,2089.735157546533,11.133302099415985
948,co,2,2,2,Escherichia coli,E0c0,4.996668346376639e-06,983.0361924252985,983.0361974219669,1.0,5,956.5417991262119,4.326158557305851e-36,-2.2664129613236523e-26
948,co,2,2,2,Escherichia coli,E1c2,5.453802475243069e-06,1845.5988969081357,1845.5989023619381,1.0912743524193789,5,956.5417991262119,4.326158557305851e-36,-2.2664129613236523e-26
948,co,2,2,2,Salmonella enterica,S0c0,4.9925965640334986e-06,1404.8998494164211,1404.8998544090177,1.0,5,956.5417991262119,4.326158557305851e-36,-2.2664129613236523e-26
948,co,2,3,1,Escherichia coli,E0c0,3.3118221085535446,3.297145303254975,6.6089674118085195,1.0,5,1412.896901625281,2084.8536372179424,29.187812925366053
948,co,2,3,1,Escherichia coli,E1c2,9.446199661346943,7.969766988256714,17.415966649603657,1.0912743524193789,5,1412.896901625281,2084.8536372179424,29.187812925366053
948,co,2,3,1,Salmonella enterica,S0c0,4.733069303675143,24.806901741840385,29.53997104551553,1.0,5,1412.896901625281,2084.8536372179424,29.187812925366053
948,co,2,3,2,Escherichia coli,E0c0,4.97880256892937e-06,793.3754789176379,793.3754838964405,1.0,5,956.5417991262149,0.0,0.0
948,co,2,3,2,Escherichia coli,E1c2,5.4451811555025086e-06,2010.6491282020806,2010.6491336472618,1.0912743524193789,5,956.5417991262149,0.0,0.0
948,co,2,3,2,Salmonella enterica,S0c0,4.9980119180356386e-06,1433.4398060998776,1433.4398110978896,1.0,5,956.5417991262149,0.0,0.0
948,co,2,4,1,Escherichia coli,E0c0,2.672860309726189,2.660981353276494,5.3338416630026835,1.0,5,1423.4820203284492,2091.1473901072886,10.067348899138766
948,co,2,4,1,Escherichia coli,E1c2,10.290967062909171,8.68239302946622,18.973360092375394,1.0912743524193789,5,1423.4820203284492,2091.1473901072886,10.067348899138766
948,co,2,4,1,Salmonella enterica,S0c0,4.829221099648953,26.216955459341087,31.04617655899004,1.0,5,1423.4820203284492,2091.1473901072886,10.067348899138766
948,co,2,4,2,Escherichia coli,E0c0,4.991498058734858e-06,634.3521558949868,634.3521608864849,1.0,5,956.5417991261673,0.0,0.0
948,co,2,4,2,Escherichia coli,E1c2,5.456068405369127e-06,2169.9547187424296,2169.954724198498,1.0912743524193789,5,956.5417991261673,0.0,0.0
948,co,2,4,2,Salmonella enterica,S0c0,4.998607310606451e-06,1434.9460117161004,1434.9460167147076,1.0,5,956.5417991261673,0.0,0.0
948,co,2,5,1,Escherichia coli,E0c0,2.137114980653219,2.1276155840580793,4.264730564711298,1.0,5,1423.9845303644624,2091.2939060595995,9.293908247778834
948,co,2,5,1,Escherichia coli,E1c2,11.106329837083765,9.370301585170349,20.476631422254115,1.0912743524193789,5,1423.9845303644624,2091.2939060595995,9.293908247778834
948,co,2,5,1,Salmonella enterica,S0c0,4.83429538065417,26.339522197651863,31.173817578306036,1.0,5,1423.9845303644624,2091.2939060595995,9.293908247778834
948,co,2,5,2,Escherichia coli,E0c0,4.995705626498319e-06,499.3207664085971,499.3207714043027,1.0,5,956.5417991262085,0.0,0.0
948,co,2,5,2,Escherichia coli,E1c2,5.453311853873562e-06,2305.420272023284,2305.420277476596,1.0912743524193789,5,956.5417991262085,0.0,0.0
948,co,2,5,2,Salmonella enterica,S0c0,4.990612968174735e-06,1435.0736511142295,1435.0736561048425,1.0,5,956.5417991262085,0.0,0.0
948,co,2,6,1,Escherichia coli,E0c0,1.6821983949292005,1.6747206717280205,3.356919066657221,1.0,5,1424.0208716440118,2091.3706113611174,9.179678522277952
948,co,2,6,1,Escherichia coli,E1c2,11.799672298059503,9.95526676476832,21.754939062827823,1.0912743524193789,5,1424.0208716440118,2091.3706113611174,9.179678522277952
948,co,2,6,1,Salmonella enterica,S0c0,4.834725803924732,26.366155131592322,31.200880935517056,1.0,5,1424.0208716440118,2091.3706113611174,9.179678522277952
948,co,2,6,2,Escherichia coli,E0c0,4.998014824717349e-06,387.8792944725035,387.87929947051833,1.0,5,956.5417991261816,0.0,0.0
948,co,2,6,2,Escherichia coli,E1c2,5.453173905442281e-06,2417.2322411205273,2417.232246573701,1.0912743524193789,5,956.5417991261816,0.0,0.0
948,co,2,6,2,Salmonella enterica,S0c0,4.999433961224223e-06,1398.627349008463,1398.6273540078969,1.0,5,956.5417991261816,0.0,0.0
948,co,2,6,2,Salmonella enterica,S1c6,5.607944647970799e-06,36.47350413180425,36.4735097397489,1.1217331004734534,5,956.5417991261816,0.0,0.0
948,co,2,7,1,Escherichia coli,E0c0,1.3067549686032292,1.3009462966296717,2.607701265232901,1.0,5,1423.8848460363386,2091.4309324138667,9.300879531977067
948,co,2,7,1,Escherichia coli,E1c2,12.371952175575071,10.438094777979922,22.810046953554995,1.0912743524193789,5,1423.8848460363386,2091.4309324138667,9.300879531977067
948,co,2,7,1,Salmonella enterica,S0c0,4.711938437053736,25.684178821531336,30.396117258585072,1.0,5,1423.8848460363386,2091.4309324138667,9.300879531977067
948,co,2,7,1,Salmonella enterica,S1c6,0.21141178410089984,0.7890790228535979,1.0004908069544978,1.1217331004734534,5,1423.8848460363386,2091.4309324138667,9.300879531977067
948,co,2,7,2,Escherichia coli,E0c0,4.992547178575834e-06,129.59079060924537,129.59079560179256,1.0,5,956.5417991261986,-8.662084106935747e-96,2.5732287188778057e-82
948,co,2,7,2,Escherichia coli,E1c2,5.4531344794283485e-06,1051.7652852839697,1051.7652907371041,1.0912743524193789,5,956.5417991261986,-8.662084106935747e-96,2.5732287188778057e-82
948,co,2,7,2,Escherichia coli,E2c7,6.149095536490617e-06,1653.457584129743,1653.4575902788386,1.2303118915393259,5,956.5417991261986,-8.662084106935747e-96,2.5732287188778057e-82
948,co,2,7,2,Salmonella enterica,S0c0,4.987254708404522e-06,814.0607379527096,814.0607429399643,1.0,5,956.5417991261986,-8.662084106935747e-96,2.5732287188778057e-82
948,co,2,7,2,Salmonella enterica,S1c6,5.595988963903849e-06,591.839746118426,591.8397517144149,1.1217331004734534,5,956.5417991261986,-8.662084106935747e-96,2.5732287188778057e-82
948,co,2,8,1,Escherichia coli,E0c0,0.4365877483038365,0.4346528887756999,0.8712406370795365,1.0,5,1410.994834938055,2088.6550440991823,28.274298866770295
948,co,2,8,1,Escherichia coli,E1c2,5.3831777727730685,4.541790410347775,9.924968183120843,1.0912743524193789,5,1410.994834938055,2088.6550440991823,28.274298866770295
948,co,2,8,1,Escherichia coli,E2c7,14.20319028850219,9.717640005945402,23.92083029444759,1.2303118915393259,5,1410.994834938055,2088.6550440991823,28.274298866770295
948,co,2,8,1,Salmonella enterica,S0c0,2.7425487108531765,14.424974409904053,17.16752312075723,1.0,5,1410.994834938055,2088.6550440991823,28.274298866770295
948,co,2,8,1,Salmonella enterica,S1c6,3.43048116803413,12.36819157456707,15.798672742601202,1.1217331004734534,5,1410.994834938055,2088.6550440991823,28.274298866770295
948,co,2,8,2,Escherichia coli,E0c0,4.9971806710462786e-06,76.37191378541871,76.37191878259938,1.0,5,956.5417991262013,0.0,0.0
948,co,2,8,2,Escherichia coli,E1c2,5.4471806683903084e-06,836.2523141148343,836.252319562015,1.0912743524193789,5,956.5417991262013,0.0,0.0
948,co,2,8,2,Escherichia coli,E2c7,6.1417723889550055e-06,1902.092610672919,1902.0926168146914,1.2303118915393259,5,956.5417991262013,0.0,0.0
948,co,2,8,2,Salmonella enterica,S0c0,4.99855876520105e-06,755.4441773879125,755.4441823864713,1.0,5,956.5417991262013,0.0,0.0
948,co,2,8,2,Salmonella enterica,S1c6,5.6072768314304876e-06,681.4219854312563,681.4219910385332,1.1217331004734534,5,956.5417991262013,0.0,0.0
948,co,2,9,1,Escherichia coli,E0c0,0.25729550467358325,0.2561516449151521,0.5134471495887354,1.0,5,1421.8628157662808,2094.2819472772867,9.379215746098327
948,co,2,9,1,Escherichia coli,E1c2,4.280132854967711,3.6111076593710356,7.8912405143387465,1.0912743524193789,5,1421.8628157662808,2094.2819472772867,9.379215746098327
948,co,2,9,1,Escherichia coli,E2c7,16.33896340057235,11.17878556082602,27.517748961398368,1.2303118915393259,5,1421.8628157662808,2094.2819472772867,9.379215746098327
948,co,2,9,1,Salmonella enterica,S0c0,2.5450719745729016,13.937519441163948,16.48259141573685,1.0,5,1421.8628157662808,2094.2819472772867,9.379215746098327
948,co,2,9,1,Salmonella enterica,S1c6,3.949726825679378,14.804807689191797,18.754534514871175,1.1217331004734534,5,1421.8628157662808,2094.2819472772867,9.379215746098327
948,co,2,9,2,Escherichia coli,E0c0,4.994303295817204e-06,43.738178560314275,43.73818355461757,1.0,5,956.541799126185,0.0,0.0
948,co,2,9,2,Escherichia coli,E1c2,5.443488758754055e-06,646.0978244378487,646.0978298813374,1.0912743524193789,5,956.541799126185,0.0,0.0
948,co,2,9,2,Escherichia coli,E2c7,6.151106268463298e-06,2126.0862368846097,2126.086243035716,1.2303118915393259,5,956.541799126185,0.0,0.0
948,co,2,9,2,Salmonella enterica,S0c0,4.998280084301617e-06,604.9246786213976,604.9246836196777,1.0,5,956.541799126185,0.0,0.0
948,co,2,9,2,Salmonella enterica,S1c6,5.608054175497019e-06,772.1484298090146,772.1484354170688,1.1217331004734534,5,956.541799126185,0.0,0.0
948,co,2,9,2,Salmonella enterica,S2c9,7.044780577335166e-06,29.756673299898345,29.756680344678923,1.409105327311385,5,956.541799126185,0.0,0.0
948,co,2,9,2,Salmonella enterica,S3c9,5.5531478759897965e-06,32.30757076705855,32.30757632020643,1.1121940450188392,5,956.541799126185,0.0,0.0
948,co,3,0,0,Escherichia coli,E0c0,5.0,0.0,5.0,1.0,5,1.0,2780.0,0.0
948,co,3,0,0,Salmonella enterica,S0c0,5.0,0.0,5.0,1.0,5,1.0,2780.0,0.0
948,co,3,0,1,Escherichia coli,E0c0,0.03368961329846606,0.07401308530230857,0.10770269860077464,1.0,5,2.6533132765585528,2777.5537822868937,0.03736851207566645
948,co,3,0,1,Salmonella enterica,S0c0,0.03368961329846606,2.5330683283576207,2.566757941656087,1.0,5,2.6533132765585528,2777.5537822868937,0.03736851207566645
948,co,3,0,2,Escherichia coli,E0c0,4.949679398073814e-06,2780.1072781445205,2780.1072830942,1.0,5,956.5417991262791,3.237488448793181e-36,-4.424122745519192e-27
948,co,3,0,2,Salmonella enterica,S0c0,4.949679398073814e-06,1406.466621852172,1406.4666268018514,1.0,5,956.5417991262791,3.237488448793181e-36,-4.424122745519192e-27
948,co,3,1,1,Escherichia coli,E0c0,9.36610774982122,9.324562692377272,18.690670442198492,1.0,5,1414.2452086380754,2094.318460683626,19.113181396618725
948,co,3,1,1,Salmonella enterica,S0c0,4.738349772698274,25.069847512682305,29.80819728538058,1.0,5,1414.2452086380754,2094.318460683626,19.113181396618725
948,co,3,1,2,Escherichia coli,E0c0,4.99785004021791e-06,2798.690215833405,2798.690220831255,1.0,5,956.541799126176,0.0,0.0
948,co,3,1,2,Salmonella enterica,S0c0,4.995100514032166e-06,1433.7080330249662,1433.7080380200666,1.0,5,956.541799126176,0.0,0.0
948,co,3,2,1,Escherichia coli,E0c0,9.428713321019451,9.38682546895344,18.81553878997289,1.0,5,1423.6219103874805,2089.735157546533,11.133302099415985
948,co,3,2,1,Salmonella enterica,S0c0,4.830124698432616,25.989758750333184,30.8198834487658,1.0,5,1423.6219103874805,2089.735157546533,11.133302099415985
948,co,3,2,2,Escherichia coli,E0c0,4.999124496441386e-06,1005.3068917093867,1005.3068967085112,1.0,5,956.5417991261963,-5.433687553263594e-284,-5.0778834543083016e-272
948,co,3,2,2,Escherichia coli,E1c2,7.931150009568668e-06,1822.328167169212,1822.3281751003622,1.586642938724867,5,956.5417991261963,-5.433687553263594e-284,-5.0778834543083016e-272
948,co,3,2,2,Salmonella enterica,S0c0,4.967243875925694e-06,763.6781732453462,763.6781782125901,1.0,5,956.5417991261963,-5.433687553263594e-284,-5.0778834543083016e-272
948,co,3,2,2,Salmonella enterica,S1c2,7.985519109862306e-06,642.2217814962347,642.2217894817538,1.5973865828225104,5,956.5417991261963,-5.433687553263594e-284,-5.0778834543083016e-272
948,co,3,3,1,Escherichia coli,E0c0,3.3868522989650627,3.371867575537969,6.758719874503031,1.0,5,1398.7390310689154,2104.94503592872,29.622436672903262
948,co,3,3,1,Escherichia coli,E1c2,38.994295961213666,17.95470471055361,56.94900067176728,1.586642938724867,5,1398.7390310689154,2104.94503592872,29.622436672903262
948,co,3,3,1,Salmonella enterica,S0c0,2.572811940578111,13.522803755700274,16.095615696278387,1.0,5,1398.7390310689154,2104.94503592872,29.622436672903262
948,co,3,3,1,Salmonella enterica,S1c2,14.03667987539906,20.634673347731812,34.67135322313087,1.5973865828225104,5,1398.7390310689154,2104.94503592872,29.622436672903262
948,co,3,3,2,Escherichia coli,E0c0,4.998882059153616e-06,225.5653251004972,225.56533009937925,1.0,5,956.54179912621,0.0,0.0
948,co,3,3,2,Escherichia coli,E1c2,7.931022417192298e-06,1852.9140910405474,1852.9140989715697,1.586642938724867,5,956.54179912621,0.0,0.0
948,co,3,3,2,Escherichia coli,E2c3,6.4753436484679844e-06,780.3236614368072,780.3236679121509,1.295397012554179,5,956.54179912621,0.0,0.0
948,co,3,3,2,Salmonella enterica,S0c0,4.997348819332929e-06,1411.995996292034,1411.996001289383,1.0,5,956.54179912621,0.0,0.0
948,co,3,3,2,Salmonella enterica,S1c2,7.984964073611319e-06,27.575295983371532,27.575303968335607,1.5973865828225104,5,956.54179912621,0.0,0.0
948,co,3,4,1,Escherichia coli,E0c0,0.7599237786470265,0.7565386581670912,1.5164624368141177,1.0,5,1421.372564628225,2101.703736802049,3.4632469037052402
948,co,3,4,1,Escherichia coli,E1c2,39.64877577906597,18.25567431835976,57.90445009742573,1.586642938724867,5,1421.372564628225,2101.703736802049,3.4632469037052402
948,co,3,4,1,Escherichia coli,E2c3,8.221404967600428,5.166818040288811,13.388223007889238,1.295397012554179,5,1421.372564628225,2101.703736802049,3.4632469037052402
948,co,3,4,1,Salmonella enterica,S0c0,4.756978071937985,31.731168487256145,36.48814655919413,1.0,5,1421.372564628225,2101.703736802049,3.4632469037052402
948,co,3,4,1,Salmonella enterica,S1c2,0.6026975814448478,1.078886559628155,1.6815841410730026,1.5973865828225104,5,1421.372564628225,2101.703736802049,3.4632469037052402
948,co,3,4,2,Escherichia coli,E0c0,4.988429265632287e-06,42.96600534423603,42.9660103326653,1.0,5,956.5417991261978,0.0,0.0
948,co,3,4,2,Escherichia coli,E1c2,7.93186355004494e-06,1408.205531693729,1408.2055396255926,1.586642938724867,5,956.5417991261978,0.0,0.0
948,co,3,4,2,Escherichia coli,E2c3,6.476386313267128e-06,354.66495350087956,354.6649599772659,1.295397012554179,5,956.5417991261978,0.0,0.0
948,co,3,4,2,Escherichia coli,E3c4,1.0762794257690435e-05,1081.460580482887,1081.4605912456814,2.1528938640260185,5,956.5417991261978,0.0,0.0
948,co,3,4,2,Salmonella enterica,S0c0,4.9678491098930136e-06,776.2188760502185,776.2188810180676,1.0,5,956.5417991261978,0.0,0.0
948,co,3,4,2,Salmonella enterica,S1c2,7.98299491875689e-06,303.59434439277436,303.5943523757693,1.5973865828225104,5,956.5417991261978,0.0,0.0
948,co,3,4,2,Salmonella enterica,S2c4,6.6216877771888634e-06,327.7684464079431,327.76845302963085,1.3254532952053786,5,956.5417991261978,0.0,0.0
948,co,3,5,1,Escherichia coli,E0c0,0.1447517618086073,0.1441087084397416,0.28886047024834893,1.0,5,1403.0832674802703,2117.89716830247,12.63177890620624
948,co,3,5,1,Escherichia coli,E1c2,30.132874622341927,13.874354385153536,44.00722900749546,1.586642938724867,5,1403.0832674802703,2117.89716830247,12.63177890620624
948,co,3,5,1,Escherichia coli,E2c3,3.736711463027231,2.3483961724447546,6.085107635471985,1.295397012554179,5,1403.0832674802703,2117.89716830247,12.63177890620624
948,co,3,5,1,Escherichia coli,E3c4,53.00918751777607,16.05261894754825,69.06180646532432,2.1528938640260185,5,1403.0832674802703,2117.89716830247,12.63177890620624
948,co,3,5,1,Salmonella enterica,S0c0,2.615061614158846,15.032543246100964,17.64760486025981,1.0,5,1403.0832674802703,2117.89716830247,12.63177890620624
948,co,3,5,1,Salmonella enterica,S1c2,6.635490600197085,10.442410446405715,17.0779010466028,1.5973865828225104,5,1403.0832674802703,2117.89716830247,12.63177890620624
948,co,3,5,1,Salmonella enterica,S2c4,3.7692123023091644,9.204097916702697,12.97331021901186,1.3254532952053786,5,1403.0832674802703,2117.89716830247,12.63177890620624
948,co,3,5,2,Escherichia coli,E0c0,4.987725998472892e-06,8.024081882407772,8.024086870133772,1.0,5,956.5417991261953,0.0,0.0
948,co,3,5,2,Escherichia coli,E1c2,7.92236213634904e-06,967.7419529927679,967.74196091513,1.586642938724867,5,956.5417991261953,0.0,0.0
948,co,3,5,2,Escherichia coli,E2c3,6.475335060536405e-06,149.31527265154094,149.315279126876,1.295397012554179,5,956.5417991261953,0.0,0.0
948,co,3,5,2,Escherichia coli,E3c4,1.0761127153900802e-05,1228.5563116343906,1228.5563223955178,2.1528938640260185,5,956.5417991261953,0.0,0.0
948,co,3,5,2,Escherichia coli,E4c5,1.4385484376698226e-05,562.4527850622181,562.4527994477025,2.8779432657985433,5,956.5417991261953,0.0,0.0
948,co,3,5,2,Salmonella enterica,S0c0,4.95297439258385e-06,797.9810422509997,797.9810472039741,1.0,5,956.5417991261953,0.0,0.0
948,co,3,5,2,Salmonella enterica,S1c2,7.986143720321945e-06,603.4340277744186,603.4340357605623,1.5973865828225104,5,956.5417991261953,0.0,0.0
948,co,3,5,2,Salmonella enterica,S2c4,6.6253231123090195e-06,33.536198872458655,33.536205497781765,1.3254532952053786,5,956.5417991261953,0.0,0.0
948,co,3,6,1,Escherichia coli,E0c0,0.02703282299529284,0.02691279804265876,0.0539456210379516,1.0,5,1397.9945058659937,2136.589383158401,2.6731330554009176
948,co,3,6,1,Escherichia coli,E1c2,20.707805487303716,9.5346683810226,30.242473868326314,1.586642938724867,5,1397.9945058659937,2136.589383158401,2.6731330554009176
948,co,3,6,1,Escherichia coli,E2c3,1.573169499615087,0.9886817705002401,2.561851270115327,1.295397012554179,5,1397.9945058659937,2136.589383158401,2.6731330554009176
948,co,3,6,1,Escherichia coli,E3c4,60.21927383814417,18.23600220464103,78.4552760427852,2.1528938640260185,5,1397.9945058659937,2136.589383158401,2.6731330554009176
948,co,3,6,1,Escherichia coli,E4c5,49.49185983749995,10.418700703789504,59.910560541289456,2.8779432657985433,5,1397.9945058659937,2136.589383158401,2.6731330554009176
948,co,3,6,1,Salmonella enterica,S0c0,2.6883774980335704,23.672232481257677,26.360609979291247,1.0,5,1397.9945058659937,2136.589383158401,2.6731330554009176
948,co,3,6,1,Salmonella enterica,S1c2,13.188917665992713,29.0097703408424,42.19868800683511,1.5973865828225104,5,1397.9945058659937,2136.589383158401,2.6731330554009176
948,co,3,6,1,Salmonella enterica,S2c4,0.3856534556319775,1.3591585541819204,1.744812009813898,1.3254532952053786,5,1397.9945058659937,2136.589383158401,2.6731330554009176
948,co,3,6,2,Escherichia coli,E0c0,4.9928580343970595e-06,1.4576760589145838,1.4576810517726182,1.0,5,956.541799126198,0.0,0.0
948,co,3,6,2,Escherichia coli,E1c2,7.932566661487183e-06,641.8877086187969,641.8877165513635,1.586642938724867,5,956.541799126198,0.0,0.0
948,co,3,6,2,Escherichia coli,E2c3,6.474978923489039e-06,60.86913843879289,60.86914491377181,1.295397012554179,5,956.541799126198,0.0,0.0
948,co,3,6,2,Escherichia coli,E3c4,1.0758584715893299e-05,1380.192332984064,1380.1923437426487,2.1528938640260185,5,956.541799126198,0.0,0.0
948,co,3,6,2,Escherichia coli,E4c5,2.4228118926976864e-05,866.817015267937,866.8170394960559,2.8779432657985433,5,956.541799126198,0.0,0.0
948,co,3,6,2,Salmonella enterica,S0c0,4.982636237017234e-06,592.5173987264967,592.517403709133,1.0,5,956.541799126198,0.0,0.0
948,co,3,6,2,Salmonella enterica,S1c2,7.986211690414917e-06,832.768580237774,832.7685882239857,1.5973865828225104,5,956.541799126198,0.0,0.0
948,co,3,6,2,Salmonella enterica,S2c4,6.607893855562867e-06,37.27340477156179,37.27341137945565,1.3254532952053786,5,956.541799126198,0.0,0.0
948,co,3,6,2,Salmonella enterica,S3c6,1.1774047070559067e-05,11.644841037069478,11.644852811116548,2.354821376089499,5,956.541799126198,0.0,0.0
948,co,3,7,1,Escherichia coli,E0c0,0.0049109110459211154,0.004889112892336426,0.009800023938257543,1.0,5,1394.5423896974826,2142.9852943070955,1.459041363654006
948,co,3,7,1,Escherichia coli,E1c2,13.735154961151782,6.324201926285393,20.059356887437175,1.586642938724867,5,1394.5423896974826,2142.9852943070955,1.459041363654006
948,co,3,7,1,Escherichia coli,E2c3,0.6413106026826804,0.4030418552220877,1.044352457904768,1.295397012554179,5,1394.5423896974826,2142.9852943070955,1.459041363654006
948,co,3,7,1,Escherichia coli,E3c4,67.65190850759886,20.486828100438114,88.13873660803698,2.1528938640260185,5,1394.5423896974826,2142.9852943070955,1.459041363654006
948,co,3,7,1,Escherichia coli,E4c5,76.27375521777356,16.056667163499597,92.33042238127315,2.8779432657985433,5,1394.5423896974826,2142.9852943070955,1.459041363654006
948,co,3,7,1,Salmonella enterica,S0c0,1.9961759028492678,22.42930929718271,24.425485200031975,1.0,5,1394.5423896974826,2142.9852943070955,1.459041363654006
948,co,3,7,1,Salmonella enterica,S1c2,18.201353634414478,48.716573800731666,66.91792743514614,1.5973865828225104,5,1394.5423896974826,2142.9852943070955,1.459041363654006
948,co,3,7,1,Salmonella enterica,S2c4,0.42863007089590033,1.8696170159592183,2.2982470868551186,1.3254532952053786,5,1394.5423896974826,2142.9852943070955,1.459041363654006
948,co,3,7,1,Salmonella enterica,S3c6,0.6965700433805838,0.8381420525794013,1.5347120959599851,2.354821376089499,5,1394.5423896974826,2142.9852943070955,1.459041363654006
948,co,3,7,2,Escherichia coli,E0c0,4.994850722266847e-06,0.19350664832440162,0.1935116431751239,1.0,5,956.5417991261969,0.0,0.0
948,co,3,7,2,Escherichia coli,E1c2,7.932597846916724e-06,310.8042672922229,310.80427522482074,1.586642938724867,5,956.5417991261969,0.0,0.0
948,co,3,7,2,Escherichia coli,E2c3,6.4605324283287705e-06,18.11185582982125,18.111862290353677,1.295397012554179,5,956.5417991261969,0.0,0.0
948,co,3,7,2,Escherichia coli,E3c4,1.0764427914986688e-05,1133.2618387891887,1133.2618495536167,2.1528938640260185,5,956.5417991261969,0.0,0.0
948,co,3,7,2,Escherichia coli,E4c5,3.6679534942596675e-05,953.2623967748569,953.2624334543918,2.8779432657985433,5,956.5417991261969,0.0,0.0
948,co,3,7,2,Escherichia coli,E5c7,1.5253433448999645e-05,589.3740562195914,589.3740714730249,3.0512376869374447,5,956.5417991261969,0.0,0.0
948,co,3,7,2,Salmonella enterica,S0c0,4.9972801021064894e-06,1387.8856164455458,1387.8856214428258,1.0,5,956.5417991261969,0.0,0.0
948,co,3,7,2,Salmonella enterica,S1c2,7.976588388845306e-06,47.890952789328395,47.89096076591678,1.5973865828225104,5,956.5417991261969,0.0,0.0
948,co,3,7,2,Salmonella enterica,S2c4,6.605013587619762e-06,28.88628368227198,28.88629028728557,1.3254532952053786,5,956.5417991261969,0.0,0.0
948,co,3,7,2,Salmonella enterica,S3c6,1.177171959042515e-05,10.988162686933531,10.988174458653122,2.354821376089499,5,956.5417991261969,0.0,0.0
948,co,3,8,1,Escherichia coli,E0c0,0.0006520044569779196,0.0006490144437091638,0.0013010189006870832,1.0,5,1386.7050919493515,2154.9495646154696,0.9568267867738783
948,co,3,8,1,Escherichia coli,E1c2,6.650609627554424,3.0622108019038943,9.712820429458318,1.586642938724867,5,1386.7050919493515,2154.9495646154696,0.9568267867738783
948,co,3,8,1,Escherichia coli,E2c3,0.19082477161190667,0.11992730054273096,0.3107520721546376,1.295397012554179,5,1386.7050919493515,2154.9495646154696,0.9568267867738783
948,co,3,8,1,Escherichia coli,E3c4,55.54829195875011,16.821573921024076,72.36986587977418,2.1528938640260185,5,1386.7050919493515,2154.9495646154696,0.9568267867738783
948,co,3,8,1,Escherichia coli,E4c5,83.88033779739872,17.658002928118197,101.53834072551692,2.8779432657985433,5,1386.7050919493515,2154.9495646154696,0.9568267867738783
948,co,3,8,1,Escherichia coli,E5c7,57.23895046984459,11.231217654118693,68.47016812396328,3.0512376869374447,5,1386.7050919493515,2154.9495646154696,0.9568267867738783
948,co,3,8,1,Salmonella enterica,S0c0,4.675751387732296,93.0533596631988,97.7291110509311,1.0,5,1386.7050919493515,2154.9495646154696,0.9568267867738783
948,co,3,8,1,Salmonella enterica,S1c2,1.0467259559729964,4.272701092931953,5.3194270489049496,1.5973865828225104,5,1386.7050919493515,2154.9495646154696,0.9568267867738783
948,co,3,8,1,Salmonella enterica,S2c4,0.332181360004839,2.328652011293706,2.660833371298545,1.3254532952053786,5,1386.7050919493515,2154.9495646154696,0.9568267867738783
948,co,3,8,1,Salmonella enterica,S3c6,0.6572890477884827,1.1148066456838932,1.772095693472376,2.354821376089499,5,1386.7050919493515,2154.9495646154696,0.9568267867738783
948,co,3,8,2,Escherichia coli,E0c0,4.979092952582842e-06,0.027503542095665592,0.027508521188618174,1.0,5,956.5417991262053,0.0,0.0
948,co,3,8,2,Escherichia coli,E1c2,7.911553256902723e-06,159.8982387466898,159.89824665824307,1.586642938724867,5,956.5417991262053,0.0,0.0
948,co,3,8,2,Escherichia coli,E2c3,6.468908249521756e-06,5.731049685702146,5.731056154610396,1.295397012554179,5,956.5417991262053,0.0,0.0
948,co,3,8,2,Escherichia coli,E3c4,1.0762517390945897e-05,987.3674344907583,987.3674452532757,2.1528938640260185,5,956.5417991262053,0.0,0.0
948,co,3,8,2,Escherichia coli,E4c5,3.942438172531262e-05,1140.751333638231,1140.7513730626126,2.8779432657985433,5,956.5417991262053,0.0,0.0
948,co,3,8,2,Escherichia coli,E5c7,6.147843224646823e-05,738.6273982199199,738.6274596983521,3.0512376869374447,5,956.5417991262053,0.0,0.0
948,co,3,8,2,Salmonella enterica,S0c0,4.998188217438462e-06,1365.2896037816806,1365.2896087798688,1.0,5,956.5417991262053,0.0,0.0
948,co,3,8,2,Salmonella enterica,S1c2,7.985323369192315e-06,71.05853406534774,71.05854205067111,1.5973865828225104,5,956.5417991262053,0.0,0.0
948,co,3,8,2,Salmonella enterica,S2c4,6.608455950227411e-06,36.83747942015854,36.837486028614485,1.3254532952053786,5,956.5417991262053,0.0,0.0
948,co,3,8,2,Salmonella enterica,S3c6,1.17691700115482e-05,20.989894896373606,20.989906665543618,2.354821376089499,5,956.5417991262053,0.0,0.0
948,co,3,8,2,Salmonella enterica,S4c8,7.646202637863662e-06,9.058154726531843,9.05816237273448,1.5292638761822681,5,956.5417991262053,0.0,0.0
948,co,3,8,2,Salmonella enterica,S5c8,9.708204969903835e-06,8.148131389914752,8.148141098119723,1.9449927295233982,5,956.5417991262053,0.0,0.0
948,co,3,9,1,Escherichia coli,E0c0,9.243266599665554e-05,9.21227198742165e-05,0.00018455538587087202,1.0,5,1383.6482167712165,2159.6327677170784,0.7462730494062084
948,co,3,9,1,Escherichia coli,E1c2,3.421513428237205,1.5754060183149983,4.996919446552203,1.586642938724867,5,1383.6482167712165,2159.6327677170784,0.7462730494062084
948,co,3,9,1,Escherichia coli,E2c3,0.06038159430109046,0.037948025581985824,0.09832961988307629,1.295397012554179,5,1383.6482167712165,2159.6327677170784,0.7462730494062084
948,co,3,9,1,Escherichia coli,E3c4,48.39708913169439,14.656009108785012,63.05309824047941,2.1528938640260185,5,1383.6482167712165,2159.6327677170784,0.7462730494062084
948,co,3,9,1,Escherichia coli,E4c5,100.37803582666808,21.131027514798628,121.50906334146671,2.8779432657985433,5,1383.6482167712165,2159.6327677170784,0.7462730494062084
948,co,3,9,1,Escherichia coli,E5c7,71.73416985607358,14.075432939520564,85.80960279559415,3.0512376869374447,5,1383.6482167712165,2159.6327677170784,0.7462730494062084
948,co,3,9,1,Salmonella enterica,S0c0,4.599625548901497,106.80590959399541,111.40553514289691,1.0,5,1383.6482167712165,2159.6327677170784,0.7462730494062084
948,co,3,9,1,Salmonella enterica,S1c2,1.5530873601911548,7.186559547587527,8.739646907778681,1.5973865828225104,5,1383.6482167712165,2159.6327677170784,0.7462730494062084
948,co,3,9,1,Salmonella enterica,S2c4,0.42361686007650484,3.402350632621621,3.8259674926981257,1.3254532952053786,5,1383.6482167712165,2159.6327677170784,0.7462730494062084
948,co,3,9,1,Salmonella enterica,S3c6,1.2555717212423996,2.3727729637203323,3.628344684962732,2.354821376089499,5,1383.6482167712165,2159.6327677170784,0.7462730494062084
948,co,3,9,1,Salmonella enterica,S4c8,0.17221174849320894,0.8985763897453598,1.0707881382385687,1.5292638761822681,5,1383.6482167712165,2159.6327677170784,0.7462730494062084
948,co,3,9,1,Salmonella enterica,S5c8,0.3115915267851059,0.8844723849671259,1.1960639117522318,1.9449927295233982,5,1383.6482167712165,2159.6327677170784,0.7462730494062084
948,co,3,9,2,Escherichia coli,E0c0,4.988392481586607e-06,0.0021088061891109855,0.0021137945815925723,1.0,5,956.5417991262104,0.0,0.0
948,co,3,9,2,Escherichia coli,E1c2,7.932425724108943e-06,42.994061734422665,42.99406966684839,1.586642938724867,5,956.5417991262104,0.0,0.0
948,co,3,9,2,Escherichia coli,E2c3,6.455295348961949e-06,0.9238972557308145,0.9239037110261634,1.295397012554179,5,956.5417991262104,0.0,0.0
948,co,3,9,2,Escherichia coli,E3c4,1.076212272086709e-05,467.6188642439509,467.6188750060736,2.1528938640260185,5,956.5417991262104,0.0,0.0
948,co,3,9,2,Escherichia coli,E4c5,4.59843419069576e-05,757.4512421602362,757.4512881445781,2.8779432657985433,5,956.5417991262104,0.0,0.0
948,co,3,9,2,Escherichia coli,E5c7,7.522770712631103e-05,526.0509989308442,526.0510741585514,3.0512376869374447,5,956.5417991262104,0.0,0.0
948,co,3,9,2,Escherichia coli,E6c9,1.4698204537179476e-05,1370.8312589476839,1370.8312736458884,2.939762830150766,5,956.5417991262104,0.0,0.0
948,co,3,9,2,Salmonella enterica,S0c0,4.98813941270499e-06,666.8780225622535,666.8780275503929,1.0,5,956.5417991262104,0.0,0.0
948,co,3,9,2,Salmonella enterica,S1c2,7.982600757852416e-06,294.6909323634024,294.6909403460032,1.5973865828225104,5,956.5417991262104,0.0,0.0
948,co,3,9,2,Salmonella enterica,S2c4,6.598210697292058e-06,254.4043721778837,254.40437877609438,1.3254532952053786,5,956.5417991262104,0.0,0.0
948,co,3,9,2,Salmonella enterica,S3c6,1.1770331574196697e-05,79.23508246975958,79.23509424009114,2.354821376089499,5,956.5417991262104,0.0,0.0
948,co,3,9,2,Salmonella enterica,S4c8,7.641685827482824e-06,86.15633150118403,86.15633914286985,1.5292638761822681,5,956.5417991262104,0.0,0.0
948,co,3,9,2,Salmonella enterica,S5c8,9.708646535056376e-06,41.99644922129843,41.996458929944964,1.9449927295233982,5,956.5417991262104,0.0,0.0
948,co,4,0,0,Escherichia coli,E0c0,5.0,0.0,5.0,1.0,5,1.0,2780.0,0.0
948,co,4,0,0,Salmonella enterica,S0c0,5.0,0.0,5.0,1.0,5,1.0,2780.0,0.0
948,co,4,0,1,Escherichia coli,E0c0,0.03368961329846606,0.07401308530230857,0.10770269860077464,1.0,5,2.6533132765585528,2777.5537822868937,0.03736851207566645
948,co,4,0,1,Salmonella enterica,S0c0,0.03368961329846606,2.5330683283576207,2.566757941656087,1.0,5,2.6533132765585528,2777.5537822868937,0.03736851207566645
948,co,4,0,2,Escherichia coli,E0c0,4.949679398073814e-06,2780.1072781445205,2780.1072830942,1.0,5,956.5417991262791,3.237488448793181e-36,-4.424122745519192e-27
948,co,4,0,2,Salmonella enterica,S0c0,4.949679398073814e-06,1406.466621852172,1406.4666268018514,1.0,5,956.5417991262791,3.237488448793181e-36,-4.424122745519192e-27
948,co,4,1,1,Escherichia coli,E0c0,9.36610774982122,9.324562692377272,18.690670442198492,1.0,5,1414.2452086380754,2094.318460683626,19.113181396618725
948,co,4,1,1,Salmonella enterica,S0c0,4.738349772698274,25.069847512682305,29.80819728538058,1.0,5,1414.2452086380754,2094.318460683626,19.113181396618725
948,co,4,1,2,Escherichia coli,E0c0,4.996139523237837e-06,2798.6902151149025,2798.690220111042,1.0,5,956.5417991262073,0.0,0.0
948,co,4,1,2,Salmonella enterica,S0c0,4.995562877657161e-06,1398.3126660841313,1398.3126710796942,1.0,5,956.5417991262073,0.0,0.0
948,co,4,1,2,Salmonella enterica,S1c1,7.6036891554266245e-06,35.395481469430784,35.39548907311994,1.5210917897657432,5,956.5417991262073,0.0,0.0
948,co,4,2,1,Escherichia coli,E0c0,9.42871250001195,9.386834851055786,18.815547351067735,1.0,5,1422.9082085815028,2089.7351637593124,12.048298936415854
948,co,4,2,1,Salmonella enterica,S0c0,4.710878313440237,25.261192751746897,29.972071065187134,1.0,5,1422.9082085815028,2089.7351637593124,12.048298936415854
948,co,4,2,1,Salmonella enterica,S1c1,0.661214994098892,1.1016644908245792,1.762879484923471,1.5210917897657432,5,1422.9082085815028,2089.7351637593124,12.048298936415854
948,co,4,2,2,Escherichia coli,E0c0,4.997793386494151e-06,2798.8150911673692,2798.8150961651627,1.0,5,956.5417991261966,0.0,0.0
948,co,4,2,2,Salmonella enterica,S0c0,4.988768028506074e-06,1362.0196796409577,1362.0196846297258,1.0,5,956.5417991261966,0.0,0.0
948,co,4,2,2,Salmonella enterica,S1c1,7.604686279067277e-06,73.6152201778794,73.61522778256567,1.5210917897657432,5,956.5417991261966,0.0,0.0
948,co,4,3,1,Escherichia coli,E0c0,9.429134547507962,9.387259834338268,18.81639438184623,1.0,5,1422.8042001911915,2089.704367535655,12.208798978631497
948,co,4,3,1,Salmonella enterica,S0c0,4.588608924370732,24.575043809577323,29.163652733948055,1.0,5,1422.8042001911915,2089.704367535655,12.208798978631497
948,co,4,3,1,Salmonella enterica,S1c1,1.375189875411791,2.2888799601480767,3.664069835559868,1.5210917897657432,5,1422.8042001911915,2089.704367535655,12.208798978631497
948,co,4,3,2,Escherichia coli,E0c0,4.9960658909605295e-06,2798.8159399099436,2798.8159449060095,1.0,5,956.5417991262468,0.0,0.0
948,co,4,3,2,Salmonella enterica,S0c0,4.997127029801317e-06,1287.966185619033,1287.96619061616,1.0,5,956.5417991262468,0.0,0.0
948,co,4,3,2,Salmonella enterica,S1c1,7.604498614682828e-06,148.76148189140156,148.76148949590018,1.5210917897657432,5,956.5417991262468,0.0,0.0
948,co,4,4,1,Escherichia coli,E0c0,9.429136524612026,9.387279894262974,18.816416418875,1.0,5,1421.6556417885995,2089.7041679164763,13.681485774426237
948,co,4,4,1,Salmonella enterica,S0c0,4.3391244816725365,23.123150342386882,27.46227482405942,1.0,5,1421.6556417885995,2089.7041679164763,13.681485774426237
948,co,4,4,1,Salmonella enterica,S1c1,2.7789812878794917,4.605336736201621,7.384318024081113,1.5210917897657432,5,1421.6556417885995,2089.7041679164763,13.681485774426237
948,co,4,4,2,Escherichia coli,E0c0,4.9993486940641614e-06,2798.8159626137335,2798.815967613082,1.0,5,956.5417991261176,0.0,0.0
948,co,4,4,2,Salmonella enterica,S0c0,4.998212621133046e-06,1120.7560148256953,1120.756019823908,1.0,5,956.5417991261176,0.0,0.0
948,co,4,4,2,Salmonella enterica,S1c1,7.595419573435374e-06,287.89984495821307,287.8998525536326,1.5210917897657432,5,956.5417991261176,0.0,0.0
948,co,4,4,2,Salmonella enterica,S2c4,8.355671159762499e-06,30.09077359119313,30.09078194686429,1.6721238488599566,5,956.5417991261176,0.0,0.0
948,co,4,5,1,Escherichia coli,E0c0,9.429139602084817,9.387327990188755,18.816467592273572,1.0,5,1418.662683990233,2089.7041865652145,17.518594712418814
948,co,4,5,1,Salmonella enterica,S0c0,3.7757984362059447,19.92760900316041,23.703407439366355,1.0,5,1418.662683990233,2089.7041865652145,17.518594712418814
948,co,4,5,1,Salmonella enterica,S1c1,5.378194991283206,8.838583056877289,14.216778048160496,1.5210917897657432,5,1418.662683990233,2089.7041865652145,17.518594712418814
948,co,4,5,1,Salmonella enterica,S2c4,0.7564356556155297,1.016581139513431,1.7730167951289606,1.6721238488599566,5,1418.662683990233,2089.7041865652145,17.518594712418814
948,co,4,5,2,Escherichia coli,E0c0,4.997133499235654e-06,2798.816013857697,2798.8160188548304,1.0,5,956.5417991262101,0.0,0.0
948,co,4,5,2,Salmonella enterica,S0c0,4.998444085080927e-06,891.2750047870834,891.2750097855275,1.0,5,956.5417991262101,0.0,0.0
948,co,4,5,2,Salmonella enterica,S1c1,7.6018434733515e-06,492.5454908305463,492.5454984323898,1.5210917897657432,5,956.5417991262101,0.0,0.0
948,co,4,5,2,Salmonella enterica,S2c4,8.358146524043263e-06,59.77274806778764,59.77275642593416,1.6721238488599566,5,956.5417991262101,0.0,0.0
948,co,4,6,1,Escherichia coli,E0c0,9.429136347426894,9.387380846963174,18.816517194390066,1.0,5,1415.2837279530763,2089.704199398779,21.85057831540109
948,co,4,6,1,Salmonella enterica,S0c0,3.002682297753071,15.719035483471052,18.721717781224122,1.0,5,1415.2837279530763,2089.704199398779,21.85057831540109
948,co,4,6,1,Salmonella enterica,S1c1,9.20113669716835,15.017182581778483,24.218319278946833,1.5210917897657432,5,1415.2837279530763,2089.704199398779,21.85057831540109
948,co,4,6,1,Salmonella enterica,S2c4,1.5025959020253408,2.005877193543123,3.5084730955684638,1.6721238488599566,5,1415.2837279530763,2089.704199398779,21.85057831540109
948,co,4,6,2,Escherichia coli,E0c0,4.998345276081504e-06,2798.816062561173,2798.8160675595186,1.0,5,956.5417991261629,0.0,0.0
948,co,4,6,2,Salmonella enterica,S0c0,4.997173700002876e-06,619.8961827867876,619.8961877839613,1.0,5,956.5417991261629,0.0,0.0
948,co,4,6,2,Salmonella enterica,S1c1,7.59704532800551e-06,706.2538547214943,706.2538623185396,1.5210917897657432,5,956.5417991261629,0.0,0.0
948,co,4,6,2,Salmonella enterica,S2c4,8.35959594358044e-06,104.41574285933198,104.41575121892792,1.6721238488599566,5,956.5417991261629,0.0,0.0
948,co,4,6,2,Salmonella enterica,S3c6,1.298725514175111e-05,19.782808715089992,19.782821702345135,2.5975422148257765,5,956.5417991261629,0.0,0.0
948,co,4,7,1,Escherichia coli,E0c0,9.42913895529824,9.387459283354696,18.816598238652936,1.0,5,1410.5003147486038,2089.7042262446744,27.983135674130775
948,co,4,7,1,Salmonella enterica,S0c0,2.0884139104376134,10.84931617309535,12.937730083532962,1.0,5,1410.5003147486038,2089.7042262446744,27.983135674130775
948,co,4,7,1,Salmonella enterica,S1c1,13.193377269538287,21.394049157475,34.587426427013284,1.5210917897657432,5,1410.5003147486038,2089.7042262446744,27.983135674130775
948,co,4,7,1,Salmonella enterica,S2c4,2.6248511526483465,3.4821377750442597,6.106988927692607,1.6721238488599566,5,1410.5003147486038,2089.7042262446744,27.983135674130775
948,co,4,7,1,Salmonella enterica,S3c6,1.4430660480619701,0.8835593002590034,2.326625348320974,2.5975422148257765,5,1410.5003147486038,2089.7042262446744,27.983135674130775
948,co,4,7,2,Escherichia coli,E0c0,4.99639704131047e-06,2798.8161448734486,2798.8161498698455,1.0,5,956.5417991262126,0.0,0.0
948,co,4,7,2,Salmonella enterica,S0c0,4.998076493441898e-06,361.2313568467889,361.23136184486543,1.0,5,956.5417991262126,0.0,0.0
948,co,4,7,2,Salmonella enterica,S1c1,7.592109830931332e-06,894.7311491790888,894.7311567711986,1.5210917897657432,5,956.5417991262126,0.0,0.0
948,co,4,7,2,Salmonella enterica,S2c4,8.35628234608612e-06,153.95784217353042,153.95785052981276,1.6721238488599566,5,956.5417991262126,0.0,0.0
948,co,4,7,2,Salmonella enterica,S3c6,1.2986239248545216e-05,49.93849183756835,49.9385048238076,2.5975422148257765,5,956.5417991262126,0.0,0.0
948,co,4,8,1,Escherichia coli,E0c0,9.429136813392324,9.387528748144886,18.81666556153721,1.0,5,1406.328462225584,2089.7042409770565,33.331651558926524
948,co,4,8,1,Salmonella enterica,S0c0,1.2169793692939526,6.29069321649822,7.507672585792173,1.0,5,1406.328462225584,2089.7042409770565,33.331651558926524
948,co,4,8,1,Salmonella enterica,S1c1,16.7142818914233,26.991143064109686,43.70542495553299,1.5210917897657432,5,1406.328462225584,2089.7042409770565,33.331651558926524
948,co,4,8,1,Salmonella enterica,S2c4,3.8702636338338117,5.113756380056012,8.984020013889824,1.6721238488599566,5,1406.328462225584,2089.7042409770565,33.331651558926524
948,co,4,8,1,Salmonella enterica,S3c6,3.642784535579311,2.222529702610346,5.865314238189657,2.5975422148257765,5,1406.328462225584,2089.7042409770565,33.331651558926524
948,co,4,8,2,Escherichia coli,E0c0,4.989892754685214e-06,1871.697944365569,1871.6979493554616,1.0,5,956.5417991262184,0.0,0.0
948,co,4,8,2,Escherichia coli,E1c8,7.435314601548102e-06,933.6260518908084,933.626059326123,1.4878362747294243,5,956.5417991262184,0.0,0.0
948,co,4,8,2,Salmonella enterica,S0c0,4.99890510169457e-06,1113.7069920746208,1113.7069970735258,1.0,5,956.5417991262184,0.0,0.0
948,co,4,8,2,Salmonella enterica,S1c1,7.603694859015767e-06,188.39992434512382,188.39993194881868,1.5210917897657432,5,956.5417991262184,0.0,0.0
948,co,4,8,2,Salmonella enterica,S2c4,8.35952732829482e-06,129.3297304761768,129.32973883570412,1.6721238488599566,5,956.5417991262184,0.0,0.0
948,co,4,8,2,Salmonella enterica,S3c6,1.2987550609769594e-05,15.28743650348546,15.28744949103607,2.5975422148257765,5,956.5417991262184,0.0,0.0
948,co,4,8,2,Salmonella enterica,S4c8,1.0797171752561451e-05,16.730823093456888,16.73083389062864,2.159683648791455,5,956.5417991262184,0.0,0.0
948,co,4,9,1,Escherichia coli,E0c0,6.305701387965182,6.277668455839088,12.58336984380427,1.0,5,1424.2696899362531,2097.166468869952,3.749923282776334
948,co,4,9,1,Escherichia coli,E1c8,16.20539182070106,8.20629234951667,24.41168417021773,1.4878362747294243,5,1424.2696899362531,2097.166468869952,3.749923282776334
948,co,4,9,1,Salmonella enterica,S0c0,3.7520496066158593,21.13546043104363,24.88751003765949,1.0,5,1424.2696899362531,2097.166468869952,3.749923282776334
948,co,4,9,1,Salmonella enterica,S1c1,3.5194594353852593,6.1323302984069805,9.65178973379224,1.5210917897657432,5,1424.2696899362531,2097.166468869952,3.749923282776334
948,co,4,9,1,Salmonella enterica,S2c4,3.2511508386404846,4.626905177314893,7.878056015955378,1.6721238488599566,5,1424.2696899362531,2097.166468869952,3.749923282776334
948,co,4,9,1,Salmonella enterica,S3c6,1.1151503705362065,0.7283931959469142,1.8435435664831208,2.5975422148257765,5,1424.2696899362531,2097.166468869952,3.749923282776334
948,co,4,9,1,Salmonella enterica,S4c8,0.8260937023703584,0.7286014345342572,1.5546951369046156,2.159683648791455,5,1424.2696899362531,2097.166468869952,3.749923282776334
948,co,4,9,2,Escherichia coli,E0c0,4.9908153192393596e-06,1087.2784015574603,1087.2784065482756,1.0,5,956.541799126247,0.0,0.0
948,co,4,9,2,Escherichia coli,E1c8,7.438018690815745e-06,1729.7162892701288,1729.7162967081474,1.4878362747294243,5,956.541799126247,0.0,0.0
948,co,4,9,2,Salmonella enterica,S0c0,4.999119649719274e-06,833.2990513299976,833.2990563291172,1.0,5,956.541799126247,0.0,0.0
948,co,4,9,2,Salmonella enterica,S1c1,7.604432383360385e-06,295.04801466622575,295.0480222706581,1.5210917897657432,5,956.541799126247,0.0,0.0
948,co,4,9,2,Salmonella enterica,S2c4,8.35814760732345e-06,233.7645204835001,233.7645288416477,1.6721238488599566,5,956.541799126247,0.0,0.0
948,co,4,9,2,Salmonella enterica,S3c6,1.2987078790821213e-05,45.71155134251121,45.71156432959,2.5975422148257765,5,956.541799126247,0.0,0.0
948,co,4,9,2,Salmonella enterica,S4c8,1.0796766375017876e-05,41.892616677293944,41.89262747406032,2.159683648791455,5,956.541799126247,0.0,0.0
948,co,5,0,0,Escherichia coli,E0c0,5.0,0.0,5.0,1.0,5,1.0,2780.0,0.0
948,co,5,0,0,Salmonella enterica,S0c0,5.0,0.0,5.0,1.0,5,1.0,2780.0,0.0
948,co,5,0,1,Escherichia coli,E0c0,0.03368961329846606,0.07401308530230857,0.10770269860077464,1.0,5,2.6533132765585528,2777.5537822868937,0.03736851207566645
948,co,5,0,1,Salmonella enterica,S0c0,0.03368961329846606,2.5330683283576207,2.566757941656087,1.0,5,2.6533132765585528,2777.5537822868937,0.03736851207566645
948,co,5,0,2,Escherichia coli,E0c0,4.949679398073814e-06,2780.1072781445205,2780.1072830942,1.0,5,956.5417991262791,3.237488448793181e-36,-4.424122745519192e-27
948,co,5,0,2,Salmonella enterica,S0c0,4.949679398073814e-06,1406.466621852172,1406.4666268018514,1.0,5,956.5417991262791,3.237488448793181e-36,-4.424122745519192e-27
948,co,5,1,1,Escherichia coli,E0c0,9.36610774982122,9.324562692377272,18.690670442198492,1.0,5,1414.2452086380754,2094.318460683626,19.113181396618725
948,co,5,1,1,Salmonella enterica,S0c0,4.738349772698274,25.069847512682305,29.80819728538058,1.0,5,1414.2452086380754,2094.318460683626,19.113181396618725
948,co,5,1,2,Escherichia coli,E0c0,4.99785004021791e-06,2798.690215833405,2798.690220831255,1.0,5,956.541799126176,0.0,0.0
948,co,5,1,2,Salmonella enterica,S0c0,4.995100514032166e-06,1433.7080330249662,1433.7080380200666,1.0,5,956.541799126176,0.0,0.0
948,co,5,2,1,Escherichia coli,E0c0,9.428713321019451,9.38682546895344,18.81553878997289,1.0,5,1423.6219103874805,2089.735157546533,11.133302099415985
948,co,5,2,1,Salmonella enterica,S0c0,4.830124698432616,25.989758750333184,30.8198834487658,1.0,5,1423.6219103874805,2089.735157546533,11.133302099415985
948,co,5,2,2,Escherichia coli,E0c0,4.9977952347729575e-06,2798.8150831645385,2798.8150881623337,1.0,5,956.54179912619,0.0,0.0
948,co,5,2,2,Salmonella enterica,S0c0,4.999954762914398e-06,1398.876506718924,1398.8765117188789,1.0,5,956.54179912619,0.0,0.0
948,co,5,2,2,Salmonella enterica,S1c2,6.6968738657320005e-06,35.84333367980296,35.84334037667683,1.3397174363145696,5,956.54179912619,0.0,0.0
948,co,5,3,1,Escherichia coli,E0c0,9.429134766924172,9.38724836857448,18.816383135498654,1.0,5,1423.5290151743347,2089.7043632495183,11.279552779729553
948,co,5,3,1,Salmonella enterica,S0c0,4.712778173638366,25.332557857897292,30.04533603153566,1.0,5,1423.5290151743347,2089.7043632495183,11.279552779729553
948,co,5,3,1,Salmonella enterica,S1c2,0.4290765744667809,0.9665286359828688,1.3956052104496497,1.3397174363145696,5,1423.5290151743347,2089.7043632495183,11.279552779729553
948,co,5,3,2,Escherichia coli,E0c0,4.9967555169705195e-06,2798.8159263170282,2798.815931313784,1.0,5,956.5417991261986,0.0,0.0
948,co,5,3,2,Salmonella enterica,S0c0,4.993014310516062e-06,1374.7263599341534,1374.7263649271677,1.0,5,956.5417991261986,0.0,0.0
948,co,5,3,2,Salmonella enterica,S1c2,6.674874892078401e-06,60.61454549135866,60.61455216623355,1.3397174363145696,5,956.5417991261986,0.0,0.0
948,co,5,4,1,Escherichia coli,E0c0,9.429136604660682,9.387252968076929,18.816389572737613,1.0,5,1423.4384768847624,2089.704156033276,11.395810232190483
948,co,5,4,1,Salmonella enterica,S0c0,4.631416842531077,24.877057173287866,29.508474015818944,1.0,5,1423.4384768847624,2089.704156033276,11.395810232190483
948,co,5,4,1,Salmonella enterica,S1c2,0.7256096271038824,1.6334380525612349,2.3590476796651174,1.3397174363145696,5,1423.4384768847624,2089.704156033276,11.395810232190483
948,co,5,4,2,Escherichia coli,E0c0,4.997968848511604e-06,2798.8159351992604,2798.8159401972293,1.0,5,956.5417991262018,0.0,0.0
948,co,5,4,2,Salmonella enterica,S0c0,4.989374652388478e-06,1334.486708223133,1334.4867132125078,1.0,5,956.5417991262018,0.0,0.0
948,co,5,4,2,Salmonella enterica,S1c2,6.695184175563078e-06,101.28077339835755,101.28078009354172,1.3397174363145696,5,956.5417991262018,0.0,0.0
948,co,5,5,1,Escherichia coli,E0c0,9.4291340604756,9.38725727256192,18.816391333037522,1.0,5,1423.0834397696924,2089.7041557831863,11.850986241263257
948,co,5,5,1,Salmonella enterica,S0c0,4.495848882870756,24.103078286887648,28.598927169758404,1.0,5,1423.0834397696924,2089.7041557831863,11.850986241263257
948,co,5,5,1,Salmonella enterica,S1c2,1.212420640966773,2.7246354246984574,3.9370560656652307,1.3397174363145696,5,1423.0834397696924,2089.7041557831863,11.850986241263257
948,co,5,5,2,Escherichia coli,E0c0,4.998658892595208e-06,2798.8159354372256,2798.8159404358844,1.0,5,956.5417991261971,0.0,0.0
948,co,5,5,2,Salmonella enterica,S0c0,4.998367089005281e-06,1270.3842677503771,1270.3842727487443,1.0,5,956.5417991261971,0.0,0.0
948,co,5,5,2,Salmonella enterica,S1c2,6.685791784285121e-06,166.05167308581747,166.05167977160926,1.3397174363145696,5,956.5417991261971,0.0,0.0
948,co,5,6,1,Escherichia coli,E0c0,9.429137365779411,9.387269363092123,18.816406728871534,1.0,5,1422.5112241025097,2089.704161806739,12.58459075944667
948,co,5,6,1,Salmonella enterica,S0c0,4.279891033089127,22.880441401920773,27.1603324350099,1.0,5,1422.5112241025097,2089.704161806739,12.58459075944667
948,co,5,6,1,Salmonella enterica,S1c2,1.9877866864207847,4.455704669820062,6.443491356240847,1.3397174363145696,5,1422.5112241025097,2089.704161806739,12.58459075944667
948,co,5,6,2,Escherichia coli,E0c0,4.996194818782437e-06,1020.2312496907975,1020.2312546869923,1.0,5,956.5417991261961,0.0,0.0
948,co,5,6,2,Escherichia coli,E1c6,6.516001923649342e-06,1804.7451448604875,1804.7451513764895,1.306100226298386,5,956.5417991261961,0.0,0.0
948,co,5,6,2,Salmonella enterica,S0c0,4.999790133624926e-06,1272.35502422164,1272.3550292214302,1.0,5,956.5417991261961,0.0,0.0
948,co,5,6,2,Salmonella enterica,S1c2,6.698367611632986e-06,138.98843459305115,138.98844129141875,1.3397174363145696,5,956.5417991261961,0.0,0.0
948,co,5,7,1,Escherichia coli,E0c0,3.4371321915252824,3.4218793392568183,6.859011530782101,1.0,5,1413.9285124437815,2093.0836832626064,20.608022556090887
948,co,5,7,1,Escherichia coli,E1c6,19.625650526326154,12.171019731202854,31.79667025752901,1.306100226298386,5,1413.9285124437815,2093.0836832626064,20.608022556090887
948,co,5,7,1,Salmonella enterica,S0c0,4.286531216179638,22.832430178717622,27.118961394897262,1.0,5,1413.9285124437815,2093.0836832626064,20.608022556090887
948,co,5,7,1,Salmonella enterica,S1c2,1.663815051319016,3.711555811510619,5.375370862829635,1.3397174363145696,5,1413.9285124437815,2093.0836832626064,20.608022556090887
948,co,5,7,2,Escherichia coli,E0c0,4.999245962341613e-06,554.9896612106759,554.9896662099219,1.0,5,956.541799126215,0.0,0.0
948,co,5,7,2,Escherichia coli,E1c6,6.518598405023192e-06,2263.6656723213905,2263.6656788399887,1.306100226298386,5,956.541799126215,0.0,0.0
948,co,5,7,2,Salmonella enterica,S0c0,4.99825727510108e-06,1174.4120119894098,1174.4120169876671,1.0,5,956.541799126215,0.0,0.0
948,co,5,7,2,Salmonella enterica,S1c2,6.697011022254945e-06,227.44677768503595,227.44678438204699,1.3397174363145696,5,956.541799126215,0.0,0.0
948,co,5,7,2,Salmonella enterica,S2c7,5.505937806837364e-06,34.53563895683672,34.53564446277453,1.101486110697401,5,956.541799126215,0.0,0.0
948,co,5,8,1,Escherichia coli,E0c0,1.8697462658124842,1.8614315680402,3.7311778338526844,1.0,5,1421.3385579099045,2097.1426902603207,7.528752711045084
948,co,5,8,1,Escherichia coli,E1c6,24.61617014874714,15.265818820435952,39.88198896918309,1.306100226298386,5,1421.3385579099045,2097.1426902603207,7.528752711045084
948,co,5,8,1,Salmonella enterica,S0c0,3.9565640026915525,22.09153111594661,26.048095118638162,1.0,5,1421.3385579099045,2097.1426902603207,7.528752711045084
948,co,5,8,1,Salmonella enterica,S1c2,2.722740203665466,6.3396219204117115,9.062362124077177,1.3397174363145696,5,1421.3385579099045,2097.1426902603207,7.528752711045084
948,co,5,8,1,Salmonella enterica,S2c7,0.18443089397145387,0.7452560198903849,0.9296869138618388,1.101486110697401,5,1421.3385579099045,2097.1426902603207,7.528752711045084
948,co,5,8,2,Escherichia coli,E0c0,4.978991081665438e-06,271.55504937626233,271.5550543552534,1.0,5,956.5417991262219,0.0,0.0
948,co,5,8,2,Escherichia coli,E1c6,6.529462599846472e-06,2552.057768192071,2552.0577747215334,1.306100226298386,5,956.5417991262219,0.0,0.0
948,co,5,8,2,Salmonella enterica,S0c0,4.997144035914749e-06,1025.939100110881,1025.9391051080252,1.0,5,956.5417991262219,0.0,0.0
948,co,5,8,2,Salmonella enterica,S1c2,6.6969219952247285e-06,349.63179922818824,349.63180592511026,1.3397174363145696,5,956.5417991262219,0.0,0.0
948,co,5,8,2,Salmonella enterica,S2c7,5.49728513395781e-06,37.51405404488341,37.514059542168546,1.101486110697401,5,956.5417991262219,0.0,0.0
948,co,5,8,2,Salmonella enterica,S3c8,8.285980701563382e-06,26.85539655597586,26.855404841956563,1.657605781447057,5,956.5417991262219,0.0,0.0
948,co,5,9,1,Escherichia coli,E0c0,0.9148614240008994,0.9107947919098666,1.825656215910766,1.0,5,1420.3834644201231,2097.4910600232038,8.446040873714049
948,co,5,9,1,Escherichia coli,E1c6,27.752279897287114,17.210709505564562,44.962989402851676,1.306100226298386,5,1420.3834644201231,2097.4910600232038,8.446040873714049
948,co,5,9,1,Salmonella enterica,S0c0,3.4563614786829553,19.16133780966407,22.617699288347023,1.0,5,1420.3834644201231,2097.4910600232038,8.446040873714049
948,co,5,9,1,Salmonella enterica,S1c2,4.185403422211295,9.681124617475591,13.866528039686887,1.3397174363145696,5,1420.3834644201231,2097.4910600232038,8.446040873714049
948,co,5,9,1,Salmonella enterica,S2c7,0.20033691114026692,0.8039148107729309,1.004251721913198,1.101486110697401,5,1420.3834644201231,2097.4910600232038,8.446040873714049
948,co,5,9,1,Salmonella enterica,S3c8,0.6576524599481537,0.9361224464003531,1.5937749063485067,1.657605781447057,5,1420.3834644201231,2097.4910600232038,8.446040873714049
948,co,5,9,2,Escherichia coli,E0c0,4.999975135423428e-06,124.82880956920994,124.82881456918507,1.0,5,956.5417991261978,0.0,0.0
948,co,5,9,2,Escherichia coli,E1c6,6.529218615952146e-06,2701.959491412483,2701.959497941702,1.306100226298386,5,956.5417991261978,0.0,0.0
948,co,5,9,2,Salmonella enterica,S0c0,4.989423592159267e-06,827.508778780001,827.5087837694246,1.0,5,956.5417991261978,0.0,0.0
948,co,5,9,2,Salmonella enterica,S1c2,6.695368096814866e-06,499.80098596243914,499.8009926578072,1.3397174363145696,5,956.5417991261978,0.0,0.0
948,co,5,9,2,Salmonella enterica,S2c7,5.503442755956526e-06,37.87476319423649,37.87476869767925,1.101486110697401,5,956.5417991261978,0.0,0.0
948,co,5,9,2,Salmonella enterica,S3c8,8.277099626095748e-06,53.76270903326335,53.76271731036297,1.657605781447057,5,956.5417991261978,0.0,0.0
948,co,5,9,2,Salmonella enterica,S4c9,9.094239192336198e-06,24.035316613042518,24.03532570728171,1.8190678594081424,5,956.5417991261978,0.0,0.0
948,co,6,0,0,Escherichia coli,E0c0,5.0,0.0,5.0,1.0,5,1.0,2780.0,0.0
948,co,6,0,0,Salmonella enterica,S0c0,5.0,0.0,5.0,1.0,5,1.0,2780.0,0.0
948,co,6,0,1,Escherichia coli,E0c0,0.03368961329846606,0.07401308530230857,0.10770269860077464,1.0,5,2.6533132765585528,2777.5537822868937,0.03736851207566645
948,co,6,0,1,Salmonella enterica,S0c0,0.03368961329846606,2.5330683283576207,2.566757941656087,1.0,5,2.6533132765585528,2777.5537822868937,0.03736851207566645
948,co,6,0,2,Escherichia coli,E0c0,4.949679398073814e-06,2780.1072781445205,2780.1072830942,1.0,5,956.5417991262791,3.237488448793181e-36,-4.424122745519192e-27
948,co,6,0,2,Salmonella enterica,S0c0,4.949679398073814e-06,1406.466621852172,1406.4666268018514,1.0,5,956.5417991262791,3.237488448793181e-36,-4.424122745519192e-27
948,co,6,1,1,Escherichia coli,E0c0,9.36610774982122,9.324562692377272,18.690670442198492,1.0,5,1414.2452086380754,2094.318460683626,19.113181396618725
948,co,6,1,1,Salmonella enterica,S0c0,4.738349772698274,25.069847512682305,29.80819728538058,1.0,5,1414.2452086380754,2094.318460683626,19.113181396618725
948,co,6,1,2,Escherichia coli,E0c0,4.99785004021791e-06,2798.690215833405,2798.690220831255,1.0,5,956.541799126176,0.0,0.0
948,co,6,1,2,Salmonella enterica,S0c0,4.995100514032166e-06,1433.7080330249662,1433.7080380200666,1.0,5,956.541799126176,0.0,0.0
948,co,6,2,1,Escherichia coli,E0c0,9.428713321019451,9.38682546895344,18.81553878997289,1.0,5,1423.6219103874805,2089.735157546533,11.133302099415985
948,co,6,2,1,Salmonella enterica,S0c0,4.830124698432616,25.989758750333184,30.8198834487658,1.0,5,1423.6219103874805,2089.735157546533,11.133302099415985
948,co,6,2,2,Escherichia coli,E0c0,4.996698311118142e-06,2798.815082527359,2798.8150875240576,1.0,5,956.5417991261999,0.0,0.0
948,co,6,2,2,Salmonella enterica,S0c0,4.995142300636951e-06,1434.7197176091129,1434.7197226042551,1.0,5,956.5417991261999,0.0,0.0
948,co,6,3,1,Escherichia coli,E0c0,9.429133937053818,9.387240803446295,18.816374740500112,1.0,5,1423.9698053929635,2089.7043622527985,10.714437993736048
948,co,6,3,1,Salmonella enterica,S0c0,4.833532086643156,26.042226976055133,30.87575906269829,1.0,5,1423.9698053929635,2089.7043622527985,10.714437993736048
948,co,6,3,2,Escherichia coli,E0c0,4.999805275203119e-06,2798.8159191703135,2798.8159241701187,1.0,5,956.5417991261578,0.0,0.0
948,co,6,3,2,Salmonella enterica,S0c0,4.998379141331619e-06,1434.775592878176,1434.7755978765551,1.0,5,956.5417991261578,0.0,0.0
948,co,6,4,1,Escherichia coli,E0c0,9.429137007664194,9.38724392707949,18.816380934743684,1.0,5,1423.9890377987033,2089.7041539273246,10.689964763585646
948,co,6,4,1,Salmonella enterica,S0c0,4.833720877093687,26.04529168113566,30.879012558229345,1.0,5,1423.9890377987033,2089.7041539273246,10.689964763585646
948,co,6,4,2,Escherichia coli,E0c0,4.9948563416736065e-06,2798.8159244916105,2798.8159294864668,1.0,5,956.5417991262333,0.0,0.0
948,co,6,4,2,Salmonella enterica,S0c0,4.9999251261659635e-06,1434.778846878638,1434.778851878563,1.0,5,956.5417991262333,0.0,0.0
948,co,6,5,1,Escherichia coli,E0c0,9.4291364323989,9.38724351379615,18.81637994619505,1.0,5,1423.990159235726,2089.704151868625,10.688528839256916
948,co,6,5,1,Salmonella enterica,S0c0,4.833732665896118,26.045471751264667,30.879204417160786,1.0,5,1423.990159235726,2089.704151868625,10.688528839256916
948,co,6,5,2,Escherichia coli,E0c0,4.999589668220374e-06,2798.8159238654,2798.8159288649895,1.0,5,956.541799126188,0.0,0.0
948,co,6,5,2,Salmonella enterica,S0c0,4.977501145389781e-06,1434.779038061222,1434.7790430387233,1.0,5,956.541799126188,0.0,0.0
948,co,6,6,1,Escherichia coli,E0c0,9.429135756756578,9.387243370133934,18.81637912689051,1.0,5,1423.990226366626,2089.7041524669007,10.688442246386092
948,co,6,6,1,Salmonella enterica,S0c0,4.833732834603944,26.04548294172527,30.87921577632921,1.0,5,1423.990226366626,2089.7041524669007,10.688442246386092
948,co,6,6,2,Escherichia coli,E0c0,4.989558183731924e-06,2798.815923996008,2798.815928985566,1.0,5,956.5417991261962,0.0,0.0
948,co,6,6,2,Salmonella enterica,S0c0,4.996588018288226e-06,1434.7790501688396,1434.7790551654277,1.0,5,956.5417991261962,0.0,0.0
948,co,6,7,1,Escherichia coli,E0c0,9.429134677028506,9.387242482729585,18.81637715975809,1.0,5,1423.9902297500164,2089.704151770499,10.688438522801885
948,co,6,7,1,Salmonella enterica,S0c0,4.8337321025386,26.045482894896367,30.879214997434968,1.0,5,1423.9902297500164,2089.704151770499,10.688438522801885
948,co,6,7,2,Escherichia coli,E0c0,4.9953441033568404e-06,2798.815920643807,2798.8159256391514,1.0,5,956.5417991260368,0.0,0.0
948,co,6,7,2,Salmonella enterica,S0c0,4.996134808467184e-06,1434.7790483349393,1434.779053331074,1.0,5,956.5417991260368,0.0,0.0
948,co,6,8,1,Escherichia coli,E0c0,9.42913628417866,9.387243565559158,18.81637984973782,1.0,5,1423.9902290844443,2089.7041536699494,10.688437700968255
948,co,6,8,1,Salmonella enterica,S0c0,4.833732737603419,26.045483039118277,30.879215776721697,1.0,5,1423.9902290844443,2089.7041536699494,10.688437700968255
948,co,6,8,2,Escherichia coli,E0c0,4.996809321183598e-06,2798.815924376368,2798.8159293731774,1.0,5,956.541799126201,0.0,0.0
948,co,6,8,2,Salmonella enterica,S0c0,4.993776762533872e-06,1434.779051168573,1434.7790561623497,1.0,5,956.541799126201,0.0,0.0
948,co,6,9,1,Escherichia coli,E0c0,9.42913610482498,9.387243093261738,18.816379198086718,1.0,5,1423.9902313353261,2089.7041525315876,10.688435819234218
948,co,6,9,1,Salmonella enterica,S0c0,4.8337327744506835,26.0454837984177,30.879216572868383,1.0,5,1423.9902313353261,2089.7041525315876,10.688435819234218
948,co,6,9,2,Escherichia coli,E0c0,4.9973536738741784e-06,2798.815924484559,2798.815929481913,1.0,5,956.5417991262028,0.0,0.0
948,co,6,9,2,Salmonella enterica,S0c0,4.99844126873684e-06,1434.7790514621752,1434.7790564606164,1.0,5,956.5417991262028,0.0,0.0
948,co,7,0,0,Escherichia coli,E0c0,5.0,0.0,5.0,1.0,5,1.0,2780.0,0.0
948,co,7,0,0,Salmonella enterica,S0c0,5.0,0.0,5.0,1.0,5,1.0,2780.0,0.0
948,co,7,0,1,Escherichia coli,E0c0,0.03368961329846606,0.07401308530230857,0.10770269860077464,1.0,5,2.6533132765585528,2777.5537822868937,0.03736851207566645
948,co,7,0,1,Salmonella enterica,S0c0,0.03368961329846606,2.5330683283576207,2.566757941656087,1.0,5,2.6533132765585528,2777.5537822868937,0.03736851207566645
948,co,7,0,2,Escherichia coli,E0c0,4.949679398073814e-06,2780.1072781445205,2780.1072830942,1.0,5,956.5417991262791,3.237488448793181e-36,-4.424122745519192e-27
948,co,7,0,2,Salmonella enterica,S0c0,4.949679398073814e-06,1406.466621852172,1406.4666268018514,1.0,5,956.5417991262791,3.237488448793181e-36,-4.424122745519192e-27
948,co,7,1,1,Escherichia coli,E0c0,9.36610774982122,9.324562692377272,18.690670442198492,1.0,5,1414.2452086380754,2094.318460683626,19.113181396618725
948,co,7,1,1,Salmonella enterica,S0c0,4.738349772698274,25.069847512682305,29.80819728538058,1.0,5,1414.2452086380754,2094.318460683626,19.113181396618725
948,co,7,1,2,Escherichia coli,E0c0,4.99785004021791e-06,2798.690215833405,2798.690220831255,1.0,5,956.541799126176,0.0,0.0
948,co,7,1,2,Salmonella enterica,S0c0,4.995100514032166e-06,1433.7080330249662,1433.7080380200666,1.0,5,956.541799126176,0.0,0.0
948,co,7,2,1,Escherichia coli,E0c0,9.428713321019451,9.38682546895344,18.81553878997289,1.0,5,1423.6219103874805,2089.735157546533,11.133302099415985
948,co,7,2,1,Salmonella enterica,S0c0,4.830124698432616,25.989758750333184,30.8198834487658,1.0,5,1423.6219103874805,2089.735157546533,11.133302099415985
948,co,7,2,2,Escherichia coli,E0c0,4.996698311118142e-06,2798.815082527359,2798.8150875240576,1.0,5,956.5417991261999,0.0,0.0
948,co,7,2,2,Salmonella enterica,S0c0,4.995142300636951e-06,1434.7197176091129,1434.7197226042551,1.0,5,956.5417991261999,0.0,0.0
948,co,7,3,1,Escherichia coli,E0c0,9.429133937053818,9.387240803446295,18.816374740500112,1.0,5,1423.9698053929635,2089.7043622527985,10.714437993736048
948,co,7,3,1,Salmonella enterica,S0c0,4.833532086643156,26.042226976055133,30.87575906269829,1.0,5,1423.9698053929635,2089.7043622527985,10.714437993736048
948,co,7,3,2,Escherichia coli,E0c0,4.998926938284407e-06,2798.815920196171,2798.8159251950983,1.0,5,956.5417991262054,0.0,0.0
948,co,7,3,2,Salmonella enterica,S0c0,4.979806616430817e-06,1398.1546506736954,1398.154655653502,1.0,5,956.5417991262054,0.0,0.0
948,co,7,3,2,Salmonella enterica,S1c3,6.229073127377162e-06,36.62107265084603,36.62107887991916,1.2458913414043047,5,956.5417991262054,0.0,0.0
948,co,7,4,1,Escherichia coli,E0c0,9.429136862366159,9.387248438940656,18.816385301306816,1.0,5,1423.6761584563938,2089.704155671314,11.091090587741107
948,co,7,4,1,Salmonella enterica,S0c0,4.710345614728441,25.337318957448847,30.04766457217729,1.0,5,1423.6761584563938,2089.704155671314,11.091090587741107
948,co,7,4,1,Salmonella enterica,S1c3,0.33097446283657816,0.9015712806084843,1.2325457434450624,1.2458913414043047,5,1423.6761584563938,2089.704155671314,11.091090587741107
948,co,7,4,2,Escherichia coli,E0c0,4.9962820733772155e-06,2798.8159304725227,2798.8159354688046,1.0,5,956.5417991261783,0.0,0.0
948,co,7,4,2,Salmonella enterica,S0c0,4.996905831846176e-06,1380.5654358006598,1380.5654407975655,1.0,5,956.5417991261783,0.0,0.0
948,co,7,4,2,Salmonella enterica,S1c3,6.228222137140647e-06,54.6147454722847,54.614751700506844,1.2458913414043047,5,956.5417991261783,0.0,0.0
948,co,7,5,1,Escherichia coli,E0c0,9.429136726468144,9.387249950853429,18.816386677321574,1.0,5,1423.6618862102102,2089.704154281371,11.109389564867097
948,co,7,5,1,Salmonella enterica,S0c0,4.651088651505341,25.01181653612306,29.6629051876284,1.0,5,1423.6618862102102,2089.704154281371,11.109389564867097
948,co,7,5,1,Salmonella enterica,S1c3,0.4935976667315429,1.344232240934212,1.837829907665755,1.2458913414043047,5,1423.6618862102102,2089.704154281371,11.109389564867097
948,co,7,5,2,Escherichia coli,E0c0,4.985885048322364e-06,2798.8159302005097,2798.8159351863947,1.0,5,956.5417991261996,0.0,0.0
948,co,7,5,2,Salmonella enterica,S0c0,4.996259264954946e-06,1354.4651066832878,1354.4651116795471,1.0,5,956.5417991261996,0.0,0.0
948,co,7,5,2,Salmonella enterica,S1c3,6.2278769527965984e-06,80.93559626569245,80.9356024935694,1.2458913414043047,5,956.5417991261996,0.0,0.0
948,co,7,6,1,Escherichia coli,E0c0,9.429136443812762,9.387252330601045,18.81638877441381,1.0,5,1423.5125498497305,2089.704154955707,11.300845842681147
948,co,7,6,1,Salmonella enterica,S0c0,4.563156761690925,24.51736873828295,29.080525499973874,1.0,5,1423.5125498497305,2089.704154955707,11.300845842681147
948,co,7,6,1,Salmonella enterica,S1c3,0.7314806208821497,1.990449233187234,2.721929854069384,1.2458913414043047,5,1423.5125498497305,2089.704154955707,11.300845842681147
948,co,7,6,2,Escherichia coli,E0c0,4.99423387361321e-06,2798.815931298164,2798.8159362923975,1.0,5,956.5417991262004,0.0,0.0
948,co,7,6,2,Salmonella enterica,S0c0,4.998589707763324e-06,1316.823781600649,1316.8237865992387,1.0,5,956.5417991262004,0.0,0.0
948,co,7,6,2,Salmonella enterica,S1c3,6.225770463633688e-06,118.8786386484888,118.87864487425927,1.2458913414043047,5,956.5417991262004,0.0,0.0
948,co,7,7,1,Escherichia coli,E0c0,9.429134738951992,9.387254813389056,18.81638955234105,1.0,5,1423.2911495001083,2089.7041553704175,11.584692079075321
948,co,7,7,1,Salmonella enterica,S0c0,4.436342957897148,23.80620664936606,28.242549607263207,1.0,5,1423.2911495001083,2089.7041553704175,11.584692079075321
948,co,7,7,1,Salmonella enterica,S1c3,1.0744021842151588,2.9202058401049897,3.9946080243201485,1.2458913414043047,5,1423.2911495001083,2089.7041553704175,11.584692079075321
948,co,7,7,2,Escherichia coli,E0c0,4.997953171591566e-06,2798.8159350567657,2798.815940054719,1.0,5,956.5417991261019,0.0,0.0
948,co,7,7,2,Salmonella enterica,S0c0,4.986730869505083e-06,1263.7293545346447,1263.7293595213755,1.0,5,956.5417991261019,0.0,0.0
948,co,7,7,2,Salmonella enterica,S1c3,6.229400344620669e-06,172.4077656229472,172.40777185234757,1.2458913414043047,5,956.5417991261019,0.0,0.0
948,co,7,8,1,Escherichia coli,E0c0,9.429136692981313,9.387261949893556,18.81639864287487,1.0,5,1422.9809542327287,2089.704158635615,11.982375439937156
948,co,7,8,1,Salmonella enterica,S0c0,4.257470581567581,22.807972201792875,27.065442783360457,1.0,5,1422.9809542327287,2089.704158635615,11.982375439937156
948,co,7,8,1,Salmonella enterica,S1c3,1.558189697330842,4.2285651893920475,5.786754886722889,1.2458913414043047,5,1422.9809542327287,2089.704158635615,11.982375439937156
948,co,7,8,2,Escherichia coli,E0c0,4.992634633579009e-06,2798.815942964245,2798.81594795688,1.0,5,956.541799126199,0.0,0.0
948,co,7,8,2,Salmonella enterica,S0c0,4.997947712280263e-06,1191.0883110065554,1191.088316004503,1.0,5,956.541799126199,0.0,0.0
948,co,7,8,2,Salmonella enterica,S1c3,6.207690943815715e-06,245.66384901203958,245.66385521973052,1.2458913414043047,5,956.541799126199,0.0,0.0
948,co,7,9,1,Escherichia coli,E0c0,9.429137290161101,9.387270545874221,18.816407836035324,1.0,5,1422.5617557923865,2089.7041625930146,12.519805848325413
948,co,7,9,1,Salmonella enterica,S0c0,4.012745417009795,21.450782557835424,25.46352797484522,1.0,5,1422.5617557923865,2089.7041625930146,12.519805848325413
948,co,7,9,1,Salmonella enterica,S1c3,2.2202627612066888,6.0133586949494,8.233621456156088,1.2458913414043047,5,1422.5617557923865,2089.7041625930146,12.519805848325413
948,co,7,9,2,Escherichia coli,E0c0,4.989033282084115e-06,2798.815952035185,2798.8159570242183,1.0,5,956.5417991262044,0.0,0.0
948,co,7,9,2,Salmonella enterica,S0c0,4.996429427742684e-06,1095.7546288486806,1095.75463384511,1.0,5,956.5417991262044,0.0,0.0
948,co,7,9,2,Salmonella enterica,S1c3,6.228638489569516e-06,341.84247869425894,341.8424849228974,1.2458913414043047,5,956.5417991262044,0.0,0.0
948,co,8,0,0,Escherichia coli,E0c0,5.0,0.0,5.0,1.0,5,1.0,2780.0,0.0
948,co,8,0,0,Salmonella enterica,S0c0,5.0,0.0,5.0,1.0,5,1.0,2780.0,0.0
948,co,8,0,1,Escherichia coli,E0c0,0.03368961329846606,0.07401308530230857,0.10770269860077464,1.0,5,2.6533132765585528,2777.5537822868937,0.03736851207566645
948,co,8,0,1,Salmonella enterica,S0c0,0.03368961329846606,2.5330683283576207,2.566757941656087,1.0,5,2.6533132765585528,2777.5537822868937,0.03736851207566645
948,co,8,0,2,Escherichia coli,E0c0,4.949679398073814e-06,2780.1072781445205,2780.1072830942,1.0,5,956.5417991262791,3.237488448793181e-36,-4.424122745519192e-27
948,co,8,0,2,Salmonella enterica,S0c0,4.949679398073814e-06,1406.466621852172,1406.4666268018514,1.0,5,956.5417991262791,3.237488448793181e-36,-4.424122745519192e-27
948,co,8,1,1,Escherichia coli,E0c0,9.36610774982122,9.324562692377272,18.690670442198492,1.0,5,1414.2452086380754,2094.318460683626,19.113181396618725
948,co,8,1,1,Salmonella enterica,S0c0,4.738349772698274,25.069847512682305,29.80819728538058,1.0,5,1414.2452086380754,2094.318460683626,19.113181396618725
948,co,8,1,2,Escherichia coli,E0c0,4.99785004021791e-06,2798.690215833405,2798.690220831255,1.0,5,956.541799126176,0.0,0.0
948,co,8,1,2,Salmonella enterica,S0c0,4.995100514032166e-06,1433.7080330249662,1433.7080380200666,1.0,5,956.541799126176,0.0,0.0
948,co,8,2,1,Escherichia coli,E0c0,9.428713321019451,9.38682546895344,18.81553878997289,1.0,5,1423.6219103874805,2089.735157546533,11.133302099415985
948,co,8,2,1,Salmonella enterica,S0c0,4.830124698432616,25.989758750333184,30.8198834487658,1.0,5,1423.6219103874805,2089.735157546533,11.133302099415985
948,co,8,2,2,Escherichia coli,E0c0,4.994727536188112e-06,2798.81508282463,2798.8150878193574,1.0,5,956.5417991261997,0.0,0.0
948,co,8,2,2,Salmonella enterica,S0c0,4.998428376891562e-06,1404.0561811059456,1404.0561861043739,1.0,5,956.5417991261997,0.0,0.0
948,co,8,2,2,Salmonella enterica,S1c2,1.0055149684213256e-05,30.663619845461227,30.66362990061091,2.01267721099501,5,956.5417991261997,0.0,0.0
948,co,8,3,1,Escherichia coli,E0c0,9.42913366221807,9.387257538791276,18.816391201009345,1.0,5,1422.6532633171526,2089.704367543884,12.402307784257076
948,co,8,3,1,Salmonella enterica,S0c0,4.7302273631565415,25.333578348938463,30.063805712095004,1.0,5,1422.6532633171526,2089.704367543884,12.402307784257076
948,co,8,3,1,Salmonella enterica,S1c2,1.2784862228827871,1.2213887428713681,2.499874965754155,2.01267721099501,5,1422.6532633171526,2089.704367543884,12.402307784257076
948,co,8,3,2,Escherichia coli,E0c0,4.999074340512146e-06,2798.815937928248,2798.8159429273223,1.0,5,956.5417991261405,0.0,0.0
948,co,8,3,2,Salmonella enterica,S0c0,4.999321993450807e-06,1342.8630071344062,1342.8630121337283,1.0,5,956.5417991261405,0.0,0.0
948,co,8,3,2,Salmonella enterica,S1c2,1.0046063493863179e-05,93.60058502267978,93.60059506874327,2.01267721099501,5,956.5417991261405,0.0,0.0
948,co,8,4,1,Escherichia coli,E0c0,9.42913665093512,9.387290166525588,18.81642681746071,1.0,5,1420.522605106433,2089.7041737126924,15.134091794196747
948,co,8,4,1,Salmonella enterica,S0c0,4.524070171892807,24.036447750946532,28.560517922839338,1.0,5,1420.522605106433,2089.7041737126924,15.134091794196747
948,co,8,4,1,Salmonella enterica,S1c2,3.9025735875277077,3.7040740577387035,7.606647645266412,2.01267721099501,5,1420.522605106433,2089.7041737126924,15.134091794196747
948,co,8,4,2,Escherichia coli,E0c0,4.98849397520732e-06,875.1778252919685,875.1778302804624,1.0,5,956.5417991262026,0.0,0.0
948,co,8,4,2,Escherichia coli,E1c4,8.653892683692794e-06,1567.5027549083957,1567.5027635622885,1.7310423038992306,5,956.5417991262026,0.0,0.0
948,co,8,4,2,Escherichia coli,E2c4,6.508509416990638e-06,389.30275457454263,389.3027610830521,1.3019323129434461,5,956.5417991262026,0.0,0.0
948,co,8,4,2,Salmonella enterica,S0c0,4.986709675994381e-06,536.0987589772848,536.0987639639944,1.0,5,956.5417991262026,0.0,0.0
948,co,8,4,2,Salmonella enterica,S1c2,1.0058296958898494e-05,405.28746286964315,405.2874729279401,2.01267721099501,5,956.5417991262026,0.0,0.0
948,co,8,4,2,Salmonella enterica,S2c4,7.383487823565377e-06,465.51382750382095,465.51383488730875,1.4776282539750447,5,956.5417991262026,0.0,0.0
948,co,8,5,1,Escherichia coli,E0c0,2.948450088712038,2.935440187306247,5.883890276018285,1.0,5,1388.1117629586158,2109.0208793043435,39.65308159155199
948,co,8,5,1,Escherichia coli,E1c4,43.62623459078069,17.73461543249933,61.36085002328002,1.7310423038992306,5,1388.1117629586158,2109.0208793043435,39.65308159155199
948,co,8,5,1,Escherichia coli,E2c4,4.181896336992951,2.606913422242449,6.7888097592354,1.3019323129434461,5,1388.1117629586158,2109.0208793043435,39.65308159155199
948,co,8,5,1,Salmonella enterica,S0c0,1.8061017824884786,9.401106893700861,11.20720867618934,1.0,5,1388.1117629586158,2109.0208793043435,39.65308159155199
948,co,8,5,1,Salmonella enterica,S1c2,16.89801407832397,15.751840578794784,32.64985465711875,2.01267721099501,5,1388.1117629586158,2109.0208793043435,39.65308159155199
948,co,8,5,1,Salmonella enterica,S2c4,7.894716160732832,13.662482685550236,21.557198846283068,1.4776282539750447,5,1388.1117629586158,2109.0208793043435,39.65308159155199
948,co,8,5,2,Escherichia coli,E0c0,4.986118625095082e-06,177.50530797474718,177.5053129608658,1.0,5,956.5417991262124,0.0,0.0
948,co,8,5,2,Escherichia coli,E1c4,8.654100983910623e-06,1325.3205614080468,1325.320570062148,1.7310423038992306,5,956.5417991262124,0.0,0.0
948,co,8,5,2,Escherichia coli,E2c4,6.506753766772147e-06,180.97762932251013,180.9776358292639,1.3019323129434461,5,956.5417991262124,0.0,0.0
948,co,8,5,2,Escherichia coli,E3c5,1.205721630672092e-05,384.37464774929197,384.37465980650825,2.4144690695640145,5,956.5417991262124,0.0,0.0
948,co,8,5,2,Escherichia coli,E4c5,1.2327183759002161e-05,827.7122622577145,827.7122745848983,2.4683578359934453,5,956.5417991262124,0.0,0.0
948,co,8,5,2,Salmonella enterica,S0c0,4.995286004981933e-06,1347.8870305019655,1347.8870354972514,1.0,5,956.5417991262124,0.0,0.0
948,co,8,5,2,Salmonella enterica,S1c2,1.0062259411994364e-05,36.984008534670366,36.98401859692978,2.01267721099501,5,956.5417991262124,0.0,0.0
948,co,8,5,2,Salmonella enterica,S2c4,7.384794783735874e-06,42.58619187201306,42.586199256807845,1.4776282539750447,5,956.5417991262124,0.0,0.0
948,co,8,6,1,Escherichia coli,E0c0,0.5980110922597427,0.5953522205562052,1.193363312815948,1.0,5,1400.5700609389992,2133.6625346469314,1.952019380007054
948,co,8,6,1,Escherichia coli,E1c4,36.88589908974938,14.994251562170348,51.88015065191973,1.7310423038992306,5,1400.5700609389992,2133.6625346469314,1.952019380007054
948,co,8,6,1,Escherichia coli,E2c4,1.9440651318475166,1.211860549450019,3.1559256812975356,1.3019323129434461,5,1400.5700609389992,2133.6625346469314,1.952019380007054
948,co,8,6,1,Escherichia coli,E3c5,24.230736221992245,6.3354948121716905,30.566231034163934,2.4144690695640145,5,1400.5700609389992,2133.6625346469314,1.952019380007054
948,co,8,6,1,Escherichia coli,E4c5,54.59160902198088,13.883130434195804,68.47473945617668,2.4683578359934453,5,1400.5700609389992,2133.6625346469314,1.952019380007054
948,co,8,6,1,Salmonella enterica,S0c0,4.540997550762126,51.29604268412755,55.83704023488968,1.0,5,1400.5700609389992,2133.6625346469314,1.952019380007054
948,co,8,6,1,Salmonella enterica,S1c2,1.5420074644301336,2.455105726110646,3.9971131905407793,2.01267721099501,5,1400.5700609389992,2133.6625346469314,1.952019380007054
948,co,8,6,1,Salmonella enterica,S2c4,0.7222251614351817,2.32348033615064,3.0457054975858218,1.4776282539750447,5,1400.5700609389992,2133.6625346469314,1.952019380007054
948,co,8,6,2,Escherichia coli,E0c0,4.991508926861906e-06,34.39742242479406,34.39742741630298,1.0,5,956.5417991262009,0.0,0.0
948,co,8,6,2,Escherichia coli,E1c4,8.651717513580506e-06,1115.6722580166754,1115.672266668393,1.7310423038992306,5,956.5417991262009,0.0,0.0
948,co,8,6,2,Escherichia coli,E2c4,6.507024707589233e-06,79.78211438272355,79.78212088974826,1.3019323129434461,5,956.5417991262009,0.0,0.0
948,co,8,6,2,Escherichia coli,E3c5,1.207148125322386e-05,531.7432161299304,531.7432282014116,2.4144690695640145,5,956.5417991262009,0.0,0.0
948,co,8,6,2,Escherichia coli,E4c5,1.2337932242555921e-05,1173.6751507176925,1173.6751630556248,2.4683578359934453,5,956.5417991262009,0.0,0.0
948,co,8,6,2,Salmonella enterica,S0c0,4.997173969603516e-06,1319.7958365532747,1319.7958415504488,1.0,5,956.5417991262009,0.0,0.0
948,co,8,6,2,Salmonella enterica,S1c2,1.0061812526856699e-05,79.81080998888709,79.81082005069962,2.01267721099501,5,956.5417991262009,0.0,0.0
948,co,8,6,2,Salmonella enterica,S2c4,7.376019048525731e-06,67.17324179897528,67.17324917499433,1.4776282539750447,5,956.5417991262009,0.0,0.0
948,co,8,7,1,Escherichia coli,E0c0,0.1158841789817446,0.11536926301955704,0.23125344200130166,1.0,5,1397.829296139818,2138.520733601415,1.1818854803676837
948,co,8,7,1,Escherichia coli,E1c4,31.05103513924854,12.622376995975598,43.67341213522414,1.7310423038992306,5,1397.829296139818,2138.520733601415,1.1818854803676837
948,co,8,7,1,Escherichia coli,E2c4,0.8570210173452751,0.5342372851402867,1.3912583024855618,1.3019323129434461,5,1397.829296139818,2138.520733601415,1.1818854803676837
948,co,8,7,1,Escherichia coli,E3c5,33.52075963722292,8.764523613077413,42.28528325030034,2.4144690695640145,5,1397.829296139818,2138.520733601415,1.1818854803676837
948,co,8,7,1,Escherichia coli,E4c5,77.40952827562707,19.685953833171308,97.09548210879838,2.4683578359934453,5,1397.829296139818,2138.520733601415,1.1818854803676837
948,co,8,7,1,Salmonella enterica,S0c0,4.44635933412622,66.6866221837667,71.13298151789292,1.0,5,1397.829296139818,2138.520733601415,1.1818854803676837
948,co,8,7,1,Salmonella enterica,S1c2,3.3276247939904957,6.46614768071053,9.793772474701026,2.01267721099501,5,1397.829296139818,2138.520733601415,1.1818854803676837
948,co,8,7,1,Salmonella enterica,S2c4,1.13920110428263,4.6118822312904095,5.751083335573039,1.4776282539750447,5,1397.829296139818,2138.520733601415,1.1818854803676837
948,co,8,7,2,Escherichia coli,E0c0,4.9977059111487555e-06,3.3843655945424524,3.384370592248364,1.0,5,956.5417991261925,0.0,0.0
948,co,8,7,2,Escherichia coli,E1c4,8.650122170497967e-06,484.7693496600187,484.7693583101409,1.7310423038992306,5,956.5417991261925,0.0,0.0
948,co,8,7,2,Escherichia coli,E2c4,6.490319955782771e-06,18.30348476408882,18.303491254408776,1.3019323129434461,5,956.5417991261925,0.0,0.0
948,co,8,7,2,Escherichia coli,E3c5,1.207093364351594e-05,407.2234325488041,407.22344461973773,2.4144690695640145,5,956.5417991261925,0.0,0.0
948,co,8,7,2,Escherichia coli,E4c5,1.2332594156921867e-05,923.348068023598,923.3480803561921,2.4683578359934453,5,956.5417991261925,0.0,0.0
948,co,8,7,2,Escherichia coli,E5c7,1.2385041040062134e-05,1195.780753428642,1195.780765813683,2.4778977936220667,5,956.5417991261925,0.0,0.0
948,co,8,7,2,Salmonella enterica,S0c0,4.985024294921646e-06,797.2992750241535,797.2992800091778,1.0,5,956.5417991261925,0.0,0.0
948,co,8,7,2,Salmonella enterica,S1c2,1.006210468535211e-05,473.65807351029116,473.65808357239587,2.01267721099501,5,956.5417991261925,0.0,0.0
948,co,8,7,2,Salmonella enterica,S2c4,7.368078409643182e-06,54.02256998856253,54.02257735664094,1.4776282539750447,5,956.5417991261925,0.0,0.0
948,co,8,7,2,Salmonella enterica,S3c7,8.890105206164455e-06,49.717800660791596,49.7178095508968,1.7812415139930495,5,956.5417991261925,0.0,0.0
948,co,8,7,2,Salmonella enterica,S4c7,9.690906852398986e-06,47.74736251297143,47.74737220387828,1.9384506317509378,5,956.5417991261925,0.0,0.0
948,co,8,8,1,Escherichia coli,E0c0,0.01140217182030935,0.011351292548480838,0.022753464368790187,1.0,5,1391.421079212797,2135.642363187073,11.93568047779118
948,co,8,8,1,Escherichia coli,E1c4,13.49194584599915,5.484560874742681,18.97650672074183,1.7310423038992306,5,1391.421079212797,2135.642363187073,11.93568047779118
948,co,8,8,1,Escherichia coli,E2c4,0.19661593551544868,0.12256441827682565,0.31918035379227433,1.3019323129434461,5,1391.421079212797,2135.642363187073,11.93568047779118
948,co,8,8,1,Escherichia coli,E3c5,25.671108829827983,6.712140871684109,32.38324970151209,2.4144690695640145,5,1391.421079212797,2135.642363187073,11.93568047779118
948,co,8,8,1,Escherichia coli,E4c5,60.899250655176935,15.487308375433443,76.38655903061039,2.4683578359934453,5,1391.421079212797,2135.642363187073,11.93568047779118
948,co,8,8,1,Escherichia coli,E5c7,79.4849698529003,20.11637648027901,99.60134633317932,2.4778977936220667,5,1391.421079212797,2135.642363187073,11.93568047779118
948,co,8,8,1,Salmonella enterica,S0c0,2.6860806959322603,18.045879978928454,20.731960674860716,1.0,5,1391.421079212797,2135.642363187073,11.93568047779118
948,co,8,8,1,Salmonella enterica,S1c2,19.74865175187331,21.535678549226667,41.28433030109998,2.01267721099501,5,1391.421079212797,2135.642363187073,11.93568047779118
948,co,8,8,1,Salmonella enterica,S2c4,0.9161766699333639,1.9169467970732246,2.8331234670065886,1.4776282539750447,5,1391.421079212797,2135.642363187073,11.93568047779118
948,co,8,8,1,Salmonella enterica,S3c7,1.5010803937728276,2.077253672803917,3.5783340665767445,1.7812415139930495,5,1391.421079212797,2135.642363187073,11.93568047779118
948,co,8,8,1,Salmonella enterica,S4c7,1.810127625873238,2.1192086846857916,3.9293363105590293,1.9384506317509378,5,1391.421079212797,2135.642363187073,11.93568047779118
948,co,8,8,2,Escherichia coli,E0c0,4.984928716121611e-06,0.4927426720812337,0.4927476570099498,1.0,5,956.5417991262123,0.0,0.0
948,co,8,8,2,Escherichia coli,E1c4,8.654556024515878e-06,306.8477972986391,306.8478059531951,1.7310423038992306,5,956.5417991262123,0.0,0.0
948,co,8,8,2,Escherichia coli,E2c4,6.506602488165567e-06,6.062237589287391,6.062244095889879,1.3019323129434461,5,956.5417991262123,0.0,0.0
948,co,8,8,2,Escherichia coli,E3c5,1.2072000793988026e-05,424.4492965885494,424.4493086605502,2.4144690695640145,5,956.5417991262123,0.0,0.0
948,co,8,8,2,Escherichia coli,E4c5,1.2329589591991345e-05,986.6424592504853,986.6424715800749,2.4683578359934453,5,956.5417991262123,0.0,0.0
948,co,8,8,2,Escherichia coli,E5c7,1.2386239068026185e-05,1283.194849284854,1283.1948616710931,2.4778977936220667,5,956.5417991262123,0.0,0.0
948,co,8,8,2,Salmonella enterica,S0c0,4.985921657079768e-06,486.63391029013485,486.6339152760565,1.0,5,956.5417991262123,0.0,0.0
948,co,8,8,2,Salmonella enterica,S1c2,1.006203952890745e-05,782.135508194857,782.1355182568966,2.01267721099501,5,956.5417991262123,0.0,0.0
948,co,8,8,2,Salmonella enterica,S2c4,7.37430906785777e-06,60.46439100286363,60.4643983771727,1.4776282539750447,5,956.5417991262123,0.0,0.0
948,co,8,8,2,Salmonella enterica,S3c7,8.905301279321109e-06,71.35730051415369,71.35730941945498,1.7812415139930495,5,956.5417991262123,0.0,0.0
948,co,8,8,2,Salmonella enterica,S4c7,9.689748519872432e-06,75.66615500371948,75.666164693468,1.9384506317509378,5,956.5417991262123,0.0,0.0
948,co,8,9,1,Escherichia coli,E0c0,0.0016599546055559543,0.0016527154651678278,0.003312670070723782,1.0,5,1390.9592596835855,2145.267059458314,4.040748982758047
948,co,8,9,1,Escherichia coli,E1c4,8.540089338120692,3.471598562013814,12.011687900134506,1.7310423038992306,5,1390.9592596835855,2145.267059458314,4.040748982758047
948,co,8,9,1,Escherichia coli,E2c4,0.06512043186480143,0.04059410894523901,0.10571454081004045,1.3019323129434461,5,1390.9592596835855,2145.267059458314,4.040748982758047
948,co,8,9,1,Escherichia coli,E3c5,26.757017046488556,6.996065559921085,33.75308260640964,2.4144690695640145,5,1390.9592596835855,2145.267059458314,4.040748982758047
948,co,8,9,1,Escherichia coli,E4c5,65.07382016048511,16.548934682089417,81.62275484257452,2.4683578359934453,5,1390.9592596835855,2145.267059458314,4.040748982758047
948,co,8,9,1,Escherichia coli,E5c7,85.29548798533473,21.586913103080988,106.88240108841572,2.4778977936220667,5,1390.9592596835855,2145.267059458314,4.040748982758047
948,co,8,9,1,Salmonella enterica,S0c0,1.6394569964632013,12.240902152913957,13.880359149377158,1.0,5,1390.9592596835855,2145.267059458314,4.040748982758047
948,co,8,9,1,Salmonella enterica,S1c2,32.610279216899904,39.18237585492131,71.79265507182122,2.01267721099501,5,1390.9592596835855,2145.267059458314,4.040748982758047
948,co,8,9,1,Salmonella enterica,S2c4,1.025424348858396,2.3746886899350286,3.4001130387934246,1.4776282539750447,5,1390.9592596835855,2145.267059458314,4.040748982758047
948,co,8,9,1,Salmonella enterica,S3c7,2.154420221839691,3.290779697187124,5.445199919026815,1.7812415139930495,5,1390.9592596835855,2145.267059458314,4.040748982758047
948,co,8,9,1,Salmonella enterica,S4c7,2.8685434027607455,3.7023210305001424,6.570864433260888,1.9384506317509378,5,1390.9592596835855,2145.267059458314,4.040748982758047
948,co,8,9,2,Escherichia coli,E0c0,4.995009885427786e-06,0.04109922464592198,0.041104219655807406,1.0,5,956.5417991262132,0.0,0.0
948,co,8,9,2,Escherichia coli,E1c4,8.65227165228145e-06,110.02108419538258,110.02109284765423,1.7310423038992306,5,956.5417991262132,0.0,0.0
948,co,8,9,2,Escherichia coli,E2c4,6.500509160166851e-06,1.2095717126111487,1.2095782131203088,1.3019323129434461,5,956.5417991262132,0.0,0.0
948,co,8,9,2,Escherichia coli,E3c5,1.2071138739216088e-05,274.475669157086,274.4756812282247,2.4144690695640145,5,956.5417991262132,0.0,0.0
948,co,8,9,2,Escherichia coli,E4c5,1.233794348686005e-05,725.0769315571082,725.0769438950517,2.4683578359934453,5,956.5417991262132,0.0,0.0
948,co,8,9,2,Escherichia coli,E5c7,1.2388132824449321e-05,933.5034158884259,933.5034282765588,2.4778977936220667,5,956.5417991262132,0.0,0.0
948,co,8,9,2,Escherichia coli,E6c9,1.3046835687727123e-05,186.29702344392697,186.29703649076265,2.609381825727352,5,956.5417991262132,0.0,0.0
948,co,8,9,2,Escherichia coli,E7c9,8.419242817721952e-05,771.2500408223744,771.2501250148026,3.2644541512478504,5,956.5417991262132,0.0,0.0
948,co,8,9,2,Escherichia coli,E8c9,1.650355943271617e-05,40.481422957514816,40.481439461074245,3.300821073239118,5,956.5417991262132,0.0,0.0
948,co,8,9,2,Escherichia coli,E9c9,1.3210121777642958e-05,62.54082395914564,62.54083716926742,2.6422662550971254,5,956.5417991262132,0.0,0.0
948,co,8,9,2,Salmonella enterica,S0c0,4.985691233931774e-06,1021.2762707623799,1021.2762757480712,1.0,5,956.5417991262132,0.0,0.0
948,co,8,9,2,Salmonella enterica,S1c2,1.00494894944498e-05,92.923546330355,92.92355637984448,2.01267721099501,5,956.5417991262132,0.0,0.0
948,co,8,9,2,Salmonella enterica,S2c4,7.387641738057383e-06,107.05828187741851,107.05828926506025,1.4776282539750447,5,956.5417991262132,0.0,0.0
948,co,8,9,2,Salmonella enterica,S3c7,8.902294492253624e-06,98.5545372669111,98.5545461692056,1.7812415139930495,5,956.5417991262132,0.0,0.0
948,co,8,9,2,Salmonella enterica,S4c7,9.689577088573749e-06,94.6584618883901,94.65847157796718,1.9384506317509378,5,956.5417991262132,0.0,0.0
948,co,9,0,0,Escherichia coli,E0c0,5.0,0.0,5.0,1.0,5,1.0,2780.0,0.0
948,co,9,0,0,Salmonella enterica,S0c0,5.0,0.0,5.0,1.0,5,1.0,2780.0,0.0
948,co,9,0,1,Escherichia coli,E0c0,0.03368961329846606,0.07401308530230857,0.10770269860077464,1.0,5,2.6533132765585528,2777.5537822868937,0.03736851207566645
948,co,9,0,1,Salmonella enterica,S0c0,0.03368961329846606,2.5330683283576207,2.566757941656087,1.0,5,2.6533132765585528,2777.5537822868937,0.03736851207566645
948,co,9,0,2,Escherichia coli,E0c0,4.949679398073814e-06,2780.1072781445205,2780.1072830942,1.0,5,956.5417991262791,3.237488448793181e-36,-4.424122745519192e-27
948,co,9,0,2,Salmonella enterica,S0c0,4.949679398073814e-06,1406.466621852172,1406.4666268018514,1.0,5,956.5417991262791,3.237488448793181e-36,-4.424122745519192e-27
948,co,9,1,1,Escherichia coli,E0c0,9.36610774982122,9.324562692377272,18.690670442198492,1.0,5,1414.2452086380754,2094.318460683626,19.113181396618725
948,co,9,1,1,Salmonella enterica,S0c0,4.738349772698274,25.069847512682305,29.80819728538058,1.0,5,1414.2452086380754,2094.318460683626,19.113181396618725
948,co,9,1,2,Escherichia coli,E0c0,4.99785004021791e-06,2798.690215833405,2798.690220831255,1.0,5,956.541799126176,0.0,0.0
948,co,9,1,2,Salmonella enterica,S0c0,4.995100514032166e-06,1433.7080330249662,1433.7080380200666,1.0,5,956.541799126176,0.0,0.0
948,co,9,2,1,Escherichia coli,E0c0,9.428713321019451,9.38682546895344,18.81553878997289,1.0,5,1423.6219103874805,2089.735157546533,11.133302099415985
948,co,9,2,1,Salmonella enterica,S0c0,4.830124698432616,25.989758750333184,30.8198834487658,1.0,5,1423.6219103874805,2089.735157546533,11.133302099415985
948,co,9,2,2,Escherichia coli,E0c0,4.996698311118142e-06,2798.815082527359,2798.8150875240576,1.0,5,956.5417991261999,0.0,0.0
948,co,9,2,2,Salmonella enterica,S0c0,4.995142300636951e-06,1434.7197176091129,1434.7197226042551,1.0,5,956.5417991261999,0.0,0.0
948,co,9,3,1,Escherichia coli,E0c0,9.429133937053818,9.387240803446295,18.816374740500112,1.0,5,1423.9698053929635,2089.7043622527985,10.714437993736048
948,co,9,3,1,Salmonella enterica,S0c0,4.833532086643156,26.042226976055133,30.87575906269829,1.0,5,1423.9698053929635,2089.7043622527985,10.714437993736048
948,co,9,3,2,Escherichia coli,E0c0,4.999805275203119e-06,2798.8159191703135,2798.8159241701187,1.0,5,956.5417991261578,0.0,0.0
948,co,9,3,2,Salmonella enterica,S0c0,4.998379141331619e-06,1434.775592878176,1434.7755978765551,1.0,5,956.5417991261578,0.0,0.0
948,co,9,4,1,Escherichia coli,E0c0,9.429137007664194,9.38724392707949,18.816380934743684,1.0,5,1423.9890377987033,2089.7041539273246,10.689964763585646
948,co,9,4,1,Salmonella enterica,S0c0,4.833720877093687,26.04529168113566,30.879012558229345,1.0,5,1423.9890377987033,2089.7041539273246,10.689964763585646
948,co,9,4,2,Escherichia coli,E0c0,4.9948563416736065e-06,2798.8159244916105,2798.8159294864668,1.0,5,956.5417991262333,0.0,0.0
948,co,9,4,2,Salmonella enterica,S0c0,4.9999251261659635e-06,1434.778846878638,1434.778851878563,1.0,5,956.5417991262333,0.0,0.0
948,co,9,5,1,Escherichia coli,E0c0,9.4291364323989,9.38724351379615,18.81637994619505,1.0,5,1423.990159235726,2089.704151868625,10.688528839256916
948,co,9,5,1,Salmonella enterica,S0c0,4.833732665896118,26.045471751264667,30.879204417160786,1.0,5,1423.990159235726,2089.704151868625,10.688528839256916
948,co,9,5,2,Escherichia coli,E0c0,4.999508014238147e-06,997.4943567764733,997.4943617759814,1.0,5,956.5417991261993,-2.4354737287397496e-92,-3.563855390885282e-80
948,co,9,5,2,Escherichia coli,E1c5,5.89683172097434e-06,1830.2008913184097,1830.2008972152414,1.179699926787846,5,956.5417991261993,-2.4354737287397496e-92,-3.563855390885282e-80
948,co,9,5,2,Salmonella enterica,S0c0,4.982167759271263e-06,752.3741214505094,752.3741264326771,1.0,5,956.5417991261993,-2.4354737287397496e-92,-3.563855390885282e-80
948,co,9,5,2,Salmonella enterica,S1c5,7.389768132651312e-06,653.5258444105499,653.525851800318,1.4781073469999635,5,956.5417991261993,-2.4354737287397496e-92,-3.563855390885282e-80
948,co,9,6,1,Escherichia coli,E0c0,3.360530772316806,3.3456920267798025,6.706222799096608,1.0,5,1400.8513911904545,2087.884175524556,41.95846188373329
948,co,9,6,1,Escherichia coli,E1c5,13.205955280752665,9.703911479546438,22.909866760299103,1.179699926787846,5,1400.8513911904545,2087.884175524556,41.95846188373329
948,co,9,6,1,Salmonella enterica,S0c0,2.5347288026016135,13.1250372189722,15.659766021573812,1.0,5,1400.8513911904545,2087.884175524556,41.95846188373329
948,co,9,6,1,Salmonella enterica,S1c5,11.095400890846076,19.116359937928056,30.211760828774132,1.4781073469999635,5,1400.8513911904545,2087.884175524556,41.95846188373329
948,co,9,6,2,Escherichia coli,E0c0,4.987674247667883e-06,674.7580961426755,674.7581011303498,1.0,5,956.5417991262098,0.0,0.0
948,co,9,6,2,Escherichia coli,E1c5,5.893465181181621e-06,2134.8576584711263,2134.8576643645915,1.179699926787846,5,956.5417991262098,0.0,0.0
948,co,9,6,2,Salmonella enterica,S0c0,4.997515492847151e-06,522.4137618111018,522.4137668086173,1.0,5,956.5417991262098,0.0,0.0
948,co,9,6,2,Salmonella enterica,S1c5,7.382005549010841e-06,927.3576962964122,927.3577036784177,1.4781073469999635,5,956.5417991262098,0.0,0.0
948,co,9,7,1,Escherichia coli,E0c0,2.2732419115370366,2.2631800226369307,4.536421934173967,1.0,5,1412.0587843397943,2093.225890294036,22.87971243786243
948,co,9,7,1,Escherichia coli,E1c5,15.404229331906185,11.319124548609041,26.723353880515226,1.179699926787846,5,1412.0587843397943,2093.225890294036,22.87971243786243
948,co,9,7,1,Salmonella enterica,S0c0,1.759998347455048,9.217270258353123,10.97726860580817,1.0,5,1412.0587843397943,2093.225890294036,22.87971243786243
948,co,9,7,1,Salmonella enterica,S1c5,15.744449377875393,27.401933611829648,43.14638298970504,1.4781073469999635,5,1412.0587843397943,2093.225890294036,22.87971243786243
948,co,9,7,2,Escherichia coli,E0c0,4.998814591962871e-06,435.581041010261,435.5810460090756,1.0,5,956.5417991261774,0.0,0.0
948,co,9,7,2,Escherichia coli,E1c5,5.89613816453853e-06,2375.678402040891,2375.678407937029,1.179699926787846,5,956.5417991261774,0.0,0.0
948,co,9,7,2,Salmonella enterica,S0c0,4.997323031988427e-06,315.3386742746445,315.3386792719676,1.0,5,956.5417991261774,0.0,0.0
948,co,9,7,2,Salmonella enterica,S1c5,7.379244822236039e-06,1142.6849045038414,1142.6849118830862,1.4781073469999635,5,956.5417991261774,0.0,0.0
948,co,9,8,1,Escherichia coli,E0c0,1.4674603954106569,1.4609696883723768,2.9284300837830335,1.0,5,1410.9527381632988,2093.5182402482405,24.039927666020564
948,co,9,8,1,Escherichia coli,E1c5,17.141889851452614,12.595998592140779,29.73788844359339,1.179699926787846,5,1410.9527381632988,2093.5182402482405,24.039927666020564
948,co,9,8,1,Salmonella enterica,S0c0,1.0623678693290557,5.549448172585311,6.611816041914367,1.0,5,1410.9527381632988,2093.5182402482405,24.039927666020564
948,co,9,8,1,Salmonella enterica,S1c5,19.40022220218425,33.693165157116056,53.09338735930031,1.4781073469999635,5,1410.9527381632988,2093.5182402482405,24.039927666020564
948,co,9,8,2,Escherichia coli,E0c0,4.998787697988186e-06,270.4436000575229,270.44360505631056,1.0,5,956.5417991261371,0.0,0.0
948,co,9,8,2,Escherichia coli,E1c5,5.89681479001393e-06,2542.2223867380567,2542.2223926348715,1.179699926787846,5,956.5417991261371,0.0,0.0
948,co,9,8,2,Salmonella enterica,S0c0,4.99320676188152e-06,175.1667001454555,175.16670513866228,1.0,5,956.5417991261371,0.0,0.0
948,co,9,8,2,Salmonella enterica,S1c5,7.387257219895325e-06,1269.652942282129,1269.6529496693863,1.4781073469999635,5,956.5417991261371,0.0,0.0
948,co,9,8,2,Salmonella enterica,S2c8,7.939052693205901e-06,18.785599389607256,18.78560732865995,1.5878954196514625,5,956.5417991261371,0.0,0.0
948,co,9,9,1,Escherichia coli,E0c0,0.911117610728549,0.9070892132090458,1.8182068239375948,1.0,5,1410.1006275273285,2093.6538755945317,25.012774646473563
948,co,9,9,1,Escherichia coli,E1c5,18.343604074393387,13.47905144327622,31.822655517669606,1.179699926787846,5,1410.1006275273285,2093.6538755945317,25.012774646473563
948,co,9,9,1,Salmonella enterica,S0c0,0.5901321969447789,3.0772544224495406,3.6673866193943194,1.0,5,1410.1006275273285,2093.6538755945317,25.012774646473563
948,co,9,9,1,Salmonella enterica,S1c5,21.555855999592218,37.382629769066796,58.938485768659014,1.4781073469999635,5,1410.1006275273285,2093.6538755945317,25.012774646473563
948,co,9,9,1,Salmonella enterica,S2c8,0.40297589408775514,0.5970299783307456,1.0000058724185008,1.5878954196514625,5,1410.1006275273285,2093.6538755945317,25.012774646473563
948,co,9,9,2,Escherichia coli,E0c0,4.996434221476461e-06,163.59321564896592,163.59322064540015,1.0,5,956.541799126206,0.0,0.0
948,co,9,9,2,Escherichia coli,E1c5,5.896745937475136e-06,2650.047318943956,2650.0473248407015,1.179699926787846,5,956.541799126206,0.0,0.0
948,co,9,9,2,Salmonella enterica,S0c0,4.998815647393744e-06,91.29202592416806,91.2920309229837,1.0,5,956.541799126206,0.0,0.0
948,co,9,9,2,Salmonella enterica,S1c5,7.388243433626343e-06,1353.7204719106815,1353.7204792989248,1.4781073469999635,5,956.541799126206,0.0,0.0
948,co,9,9,2,Salmonella enterica,S2c8,7.932353213255232e-06,22.493429151475013,22.493437083828226,1.5878954196514625,5,956.541799126206,0.0,0.0
